#Start with deltam2 bins and follow it with SinSq2Theta
# Make sure to include the words ‘deltam2’ and ‘SinSq2Theta’ before the actual bins 

deltam2 binning
0.0398767
0.0447424
0.0502018
0.0563273
0.0632003
0.0709119
0.0795645
0.0892728
0.100166
0.112388
0.126101
0.141488
0.158752
0.178123
0.199857
0.224243
0.251605
0.282305
0.316752
0.355401
0.398767
0.447424
0.502018
0.563273
0.632003
0.709119
0.795645
0.892728
1.00166
1.12388
1.26101
1.41488
1.600601
1.630897
1.661767
1.693222
1.725271
1.757927
1.791202
1.825106
1.859652
1.894852
1.930718
1.967263
2.24243
2.51605
2.82305
3.16752
3.55401
3.98767
4.47424
5.02018
5.63273
6.32003
7.09119
7.95645
8.92728
10.0166
11.2388
12.6101
14.1488
15.8752
17.8123
19.9857
22.4243

SinSq2Theta binning
0.00355401
0.00398767
0.00447424
0.00502018
0.00563273
0.00632003
0.00709119
0.00795645
0.00892728
0.0100166
0.0112388
0.0126101
0.0141488
0.0158752
0.0178123
0.0199857
0.0224243
0.0251605
0.0282305
0.0316752
0.0355401
0.0398767
0.0447424
0.0502018
0.0563273
0.0632003
0.0709119
0.0795645
0.0892728
0.100166
0.112388
0.126101
0.141488
0.158752
0.178123
0.199857
0.224243
0.251605
0.282305
0.316752
0.355401
0.398767
0.447424
0.502018
0.563273
0.632003
0.709119
0.795645
0.950324