# U235 cross-section and spectrum information from Vogel analytical model
# Bin sizes are 0.01 MeV


0.005 0 7.306032363e+17
0.015 0 7.294219302e+17
0.025 0 7.282292803e+17
0.035 0 7.270253484e+17
0.045 0 7.25810197e+17
0.055 0 7.245838891e+17
0.065 0 7.233464881e+17
0.075 0 7.22098058e+17
0.085 0 7.208386631e+17
0.095 0 7.195683685e+17
0.105 0 7.182872395e+17
0.115 0 7.16995342e+17
0.125 0 7.156927423e+17
0.135 0 7.143795074e+17
0.145 0 7.130557043e+17
0.155 0 7.117214009e+17
0.165 0 7.103766654e+17
0.175 0 7.090215663e+17
0.185 0 7.076561728e+17
0.195 0 7.062805541e+17
0.205 0 7.048947804e+17
0.215 0 7.034989219e+17
0.225 0 7.020930493e+17
0.235 0 7.006772337e+17
0.245 0 6.992515467e+17
0.255 0 6.978160602e+17
0.265 0 6.963708466e+17
0.275 0 6.949159785e+17
0.285 0 6.93451529e+17
0.295 0 6.919775715e+17
0.305 0 6.904941799e+17
0.315 0 6.890014283e+17
0.325 0 6.874993912e+17
0.335 0 6.859881435e+17
0.345 0 6.844677603e+17
0.355 0 6.829383173e+17
0.365 0 6.813998902e+17
0.375 0 6.798525552e+17
0.385 0 6.782963888e+17
0.395 0 6.767314678e+17
0.405 0 6.751578693e+17
0.415 0 6.735756708e+17
0.425 0 6.719849497e+17
0.435 0 6.703857842e+17
0.445 0 6.687782525e+17
0.455 0 6.67162433e+17
0.465 0 6.655384046e+17
0.475 0 6.639062462e+17
0.485 0 6.622660372e+17
0.495 0 6.60617857e+17
0.505 0 6.589617854e+17
0.515 0 6.572979024e+17
0.525 0 6.556262882e+17
0.535 0 6.539470233e+17
0.545 0 6.522601882e+17
0.555 0 6.505658639e+17
0.565 0 6.488641314e+17
0.575 0 6.471550718e+17
0.585 0 6.454387667e+17
0.595 0 6.437152977e+17
0.605 0 6.419847465e+17
0.615 0 6.40247195e+17
0.625 0 6.385027255e+17
0.635 0 6.367514201e+17
0.645 0 6.349933612e+17
0.655 0 6.332286314e+17
0.665 0 6.314573135e+17
0.675 0 6.296794901e+17
0.685 0 6.278952442e+17
0.695 0 6.26104659e+17
0.705 0 6.243078175e+17
0.715 0 6.22504803e+17
0.725 0 6.206956989e+17
0.735 0 6.188805887e+17
0.745 0 6.170595558e+17
0.755 0 6.152326839e+17
0.765 0 6.134000566e+17
0.775 0 6.115617578e+17
0.785 0 6.097178713e+17
0.795 0 6.078684808e+17
0.805 0 6.060136703e+17
0.815 0 6.041535238e+17
0.825 0 6.022881252e+17
0.835 0 6.004175585e+17
0.845 0 5.985419079e+17
0.855 0 5.966612572e+17
0.865 0 5.947756907e+17
0.875 0 5.928852923e+17
0.885 0 5.909901461e+17
0.895 0 5.890903362e+17
0.905 0 5.871859466e+17
0.915 0 5.852770612e+17
0.925 0 5.833637642e+17
0.935 0 5.814461394e+17
0.945 0 5.795242707e+17
0.955 0 5.77598242e+17
0.965 0 5.756681372e+17
0.975 0 5.7373404e+17
0.985 0 5.717960341e+17
0.995 0 5.698542031e+17
1.005 0 5.679086305e+17
1.015 0 5.659593999e+17
1.025 0 5.640065946e+17
1.035 0 5.62050298e+17
1.045 0 5.600905931e+17
1.055 0 5.581275631e+17
1.065 0 5.561612911e+17
1.075 0 5.541918597e+17
1.085 0 5.522193519e+17
1.095 0 5.502438502e+17
1.105 0 5.482654371e+17
1.115 0 5.46284195e+17
1.125 0 5.443002061e+17
1.135 0 5.423135523e+17
1.145 0 5.403243158e+17
1.155 0 5.383325781e+17
1.165 0 5.363384209e+17
1.175 0 5.343419255e+17
1.185 0 5.323431733e+17
1.195 0 5.303422453e+17
1.205 0 5.283392224e+17
1.215 0 5.263341852e+17
1.225 0 5.243272142e+17
1.235 0 5.223183898e+17
1.245 0 5.203077919e+17
1.255 0 5.182955006e+17
1.265 0 5.162815953e+17
1.275 0 5.142661557e+17
1.285 0 5.122492608e+17
1.295 0 5.102309896e+17
1.305 0 5.08211421e+17
1.315 0 5.061906333e+17
1.325 0 5.041687049e+17
1.335 0 5.021457138e+17
1.345 0 5.001217376e+17
1.355 0 4.98096854e+17
1.365 0 4.960711401e+17
1.375 0 4.940446729e+17
1.385 0 4.920175291e+17
1.395 0 4.89989785e+17
1.405 0 4.879615169e+17
1.415 0 4.859328006e+17
1.425 0 4.839037116e+17
1.435 0 4.818743252e+17
1.445 0 4.798447164e+17
1.455 0 4.778149597e+17
1.465 0 4.757851297e+17
1.475 0 4.737553002e+17
1.485 0 4.71725545e+17
1.495 0 4.696959376e+17
1.505 0 4.67666551e+17
1.515 0 4.656374579e+17
1.525 0 4.636087309e+17
1.535 0 4.615804419e+17
1.545 0 4.595526627e+17
1.555 0 4.575254648e+17
1.565 0 4.554989193e+17
1.575 0 4.534730967e+17
1.585 0 4.514480675e+17
1.595 0 4.494239017e+17
1.605 0 4.474006689e+17
1.615 0 4.453784384e+17
1.625 0 4.433572791e+17
1.635 0 4.413372595e+17
1.645 0 4.393184479e+17
1.655 0 4.37300912e+17
1.665 0 4.352847193e+17
1.675 0 4.332699366e+17
1.685 0 4.312566308e+17
1.695 0 4.29244868e+17
1.705 0 4.272347141e+17
1.715 0 4.252262346e+17
1.725 0 4.232194945e+17
1.735 0 4.212145585e+17
1.745 0 4.192114909e+17
1.755 0 4.172103554e+17
1.765 0 4.152112156e+17
1.775 0 4.132141345e+17
1.785 0 4.112191747e+17
1.795 0 4.092263983e+17
1.805 1.558995014e-45 4.072358673e+17
1.815 5.297292509e-45 4.052476428e+17
1.825 7.495496095e-45 4.03261786e+17
1.835 9.32247586e-45 4.012783572e+17
1.845 1.097070625e-44 3.992974165e+17
1.855 1.251578843e-44 3.973190237e+17
1.865 1.399626392e-44 3.953432378e+17
1.875 1.543473539e-44 3.933701177e+17
1.885 1.684569451e-44 3.913997217e+17
1.895 1.823902917e-44 3.894321078e+17
1.905 1.96218041e-44 3.874673333e+17
1.915 2.099924968e-44 3.855054553e+17
1.925 2.237534947e-44 3.835465303e+17
1.935 2.375320834e-44 3.815906145e+17
1.945 2.513529333e-44 3.796377635e+17
1.955 2.652359681e-44 3.776880325e+17
1.965 2.791975042e-44 3.757414764e+17
1.975 2.932510664e-44 3.737981493e+17
1.985 3.074079848e-44 3.718581053e+17
1.995 3.216778405e-44 3.699213976e+17
2.005 3.360688031e-44 3.679880792e+17
2.015 3.50587891e-44 3.660582025e+17
2.025 3.652411745e-44 3.641318197e+17
2.035 3.800339355e-44 3.622089822e+17
2.045 3.949707963e-44 3.602897411e+17
2.055 4.100558219e-44 3.58374147e+17
2.065 4.252926043e-44 3.564622501e+17
2.075 4.406843313e-44 3.545541001e+17
2.085 4.562338431e-44 3.526497462e+17
2.095 4.719436795e-44 3.507492371e+17
2.105 4.878161199e-44 3.488526211e+17
2.115 5.038532163e-44 3.46959946e+17
2.125 5.200568214e-44 3.450712592e+17
2.135 5.364286131e-44 3.431866074e+17
2.145 5.529701148e-44 3.41306037e+17
2.155 5.696827131e-44 3.39429594e+17
2.165 5.865676729e-44 3.375573237e+17
2.175 6.03626151e-44 3.356892712e+17
2.185 6.208592074e-44 3.338254809e+17
2.195 6.382678151e-44 3.319659967e+17
2.205 6.558528696e-44 3.301108622e+17
2.215 6.736151957e-44 3.282601204e+17
2.225 6.91555555e-44 3.264138138e+17
2.235 7.096746519e-44 3.245719846e+17
2.245 7.279731385e-44 3.227346744e+17
2.255 7.464516198e-44 3.209019241e+17
2.265 7.651106576e-44 3.190737745e+17
2.275 7.839507747e-44 3.172502657e+17
2.285 8.029724576e-44 3.154314373e+17
2.295 8.221761605e-44 3.136173286e+17
2.305 8.41562307e-44 3.118079783e+17
2.315 8.611312933e-44 3.100034245e+17
2.325 8.808834902e-44 3.082037049e+17
2.335 9.008192449e-44 3.06408857e+17
2.345 9.209388831e-44 3.046189173e+17
2.355 9.412427106e-44 3.028339223e+17
2.365 9.617310148e-44 3.010539077e+17
2.375 9.824040658e-44 2.992789088e+17
2.385 1.003262118e-43 2.975089606e+17
2.395 1.024305411e-43 2.957440972e+17
2.405 1.045534171e-43 2.939843528e+17
2.415 1.066948612e-43 2.922297605e+17
2.425 1.088548935e-43 2.904803535e+17
2.435 1.110335329e-43 2.887361641e+17
2.445 1.132307977e-43 2.869972242e+17
2.455 1.154467048e-43 2.852635655e+17
2.465 1.176812703e-43 2.835352188e+17
2.475 1.199345097e-43 2.818122148e+17
2.485 1.222064374e-43 2.800945834e+17
2.495 1.244970673e-43 2.783823543e+17
2.505 1.268064125e-43 2.766755566e+17
2.515 1.291344853e-43 2.74974219e+17
2.525 1.314812978e-43 2.732783695e+17
2.535 1.338468611e-43 2.715880358e+17
2.545 1.36231186e-43 2.699032453e+17
2.555 1.386342827e-43 2.682240246e+17
2.565 1.410561609e-43 2.665504e+17
2.575 1.434968301e-43 2.648823974e+17
2.585 1.45956299e-43 2.63220042e+17
2.595 1.484345761e-43 2.615633588e+17
2.605 1.509316695e-43 2.599123722e+17
2.615 1.534475869e-43 2.58267106e+17
2.625 1.559823358e-43 2.566275839e+17
2.635 1.585359231e-43 2.549938288e+17
2.645 1.611083558e-43 2.533658633e+17
2.655 1.636996401e-43 2.517437095e+17
2.665 1.663097825e-43 2.50127389e+17
2.675 1.689387887e-43 2.485169231e+17
2.685 1.715866645e-43 2.469123324e+17
2.695 1.742534154e-43 2.453136373e+17
2.705 1.769390465e-43 2.437208576e+17
2.715 1.796435631e-43 2.421340126e+17
2.725 1.823669697e-43 2.405531214e+17
2.735 1.851092712e-43 2.389782023e+17
2.745 1.878704719e-43 2.374092735e+17
2.755 1.906505762e-43 2.358463524e+17
2.765 1.934495881e-43 2.342894564e+17
2.775 1.962675116e-43 2.32738602e+17
2.785 1.991043506e-43 2.311938056e+17
2.795 2.019601087e-43 2.29655083e+17
2.805 2.048347894e-43 2.281224495e+17
2.815 2.077283961e-43 2.265959202e+17
2.825 2.106409322e-43 2.250755096e+17
2.835 2.135724007e-43 2.235612317e+17
2.845 2.165228047e-43 2.220531003e+17
2.855 2.194921472e-43 2.205511287e+17
2.865 2.224804309e-43 2.190553295e+17
2.875 2.254876586e-43 2.175657153e+17
2.885 2.28513833e-43 2.160822979e+17
2.895 2.315589566e-43 2.14605089e+17
2.905 2.346230318e-43 2.131340998e+17
2.915 2.37706061e-43 2.116693408e+17
2.925 2.408080465e-43 2.102108225e+17
2.935 2.439289905e-43 2.087585548e+17
2.945 2.470688952e-43 2.073125471e+17
2.955 2.502277627e-43 2.058728086e+17
2.965 2.534055948e-43 2.044393479e+17
2.975 2.566023936e-43 2.030121733e+17
2.985 2.59818161e-43 2.015912926e+17
2.995 2.630528987e-43 2.001767135e+17
3.005 2.663066085e-43 1.98768443e+17
3.015 2.695792921e-43 1.973664877e+17
3.025 2.728709512e-43 1.95970854e+17
3.035 2.761815873e-43 1.945815478e+17
3.045 2.795112021e-43 1.931985746e+17
3.055 2.828597969e-43 1.918219396e+17
3.065 2.862273732e-43 1.904516476e+17
3.075 2.896139325e-43 1.890877029e+17
3.085 2.930194761e-43 1.877301096e+17
3.095 2.964440054e-43 1.863788712e+17
3.105 2.998875215e-43 1.850339911e+17
3.115 3.033500258e-43 1.836954722e+17
3.125 3.068315195e-43 1.823633169e+17
3.135 3.103320037e-43 1.810375275e+17
3.145 3.138514797e-43 1.797181057e+17
3.155 3.173899483e-43 1.784050531e+17
3.165 3.209474109e-43 1.770983706e+17
3.175 3.245238684e-43 1.75798059e+17
3.185 3.281193217e-43 1.745041187e+17
3.195 3.31733772e-43 1.732165497e+17
3.205 3.353672202e-43 1.719353517e+17
3.215 3.390196671e-43 1.706605241e+17
3.225 3.426911137e-43 1.693920658e+17
3.235 3.463815609e-43 1.681299755e+17
3.245 3.500910095e-43 1.668742515e+17
3.255 3.538194604e-43 1.656248919e+17
3.265 3.575669143e-43 1.643818942e+17
3.275 3.613333722e-43 1.631452558e+17
3.285 3.651188346e-43 1.619149737e+17
3.295 3.689233024e-43 1.606910446e+17
3.305 3.727467763e-43 1.594734649e+17
3.315 3.76589257e-43 1.582622305e+17
3.325 3.804507452e-43 1.570573372e+17
3.335 3.843312416e-43 1.558587805e+17
3.345 3.882307467e-43 1.546665554e+17
3.355 3.921492614e-43 1.534806567e+17
3.365 3.960867861e-43 1.523010789e+17
3.375 4.000433215e-43 1.511278163e+17
3.385 4.040188681e-43 1.499608626e+17
3.395 4.080134266e-43 1.488002115e+17
3.405 4.120269975e-43 1.476458564e+17
3.415 4.160595813e-43 1.464977901e+17
3.425 4.201111786e-43 1.453560056e+17
3.435 4.241817899e-43 1.44220495e+17
3.445 4.282714158e-43 1.430912508e+17
3.455 4.323800566e-43 1.419682646e+17
3.465 4.365077129e-43 1.408515282e+17
3.475 4.406543851e-43 1.397410328e+17
3.485 4.448200737e-43 1.386367695e+17
3.495 4.490047792e-43 1.375387292e+17
3.505 4.53208502e-43 1.364469022e+17
3.515 4.574312426e-43 1.353612789e+17
3.525 4.616730012e-43 1.342818493e+17
3.535 4.659337784e-43 1.332086031e+17
3.545 4.702135746e-43 1.321415299e+17
3.555 4.7451239e-43 1.310806187e+17
3.565 4.788302252e-43 1.300258587e+17
3.575 4.831670805e-43 1.289772386e+17
3.585 4.875229562e-43 1.279347469e+17
3.595 4.918978527e-43 1.268983718e+17
3.605 4.962917703e-43 1.258681014e+17
3.615 5.007047094e-43 1.248439234e+17
3.625 5.051366703e-43 1.238258254e+17
3.635 5.095876534e-43 1.228137947e+17
3.645 5.140576589e-43 1.218078184e+17
3.655 5.185466872e-43 1.208078835e+17
3.665 5.230547385e-43 1.198139765e+17
3.675 5.275818132e-43 1.188260839e+17
3.685 5.321279115e-43 1.178441919e+17
3.695 5.366930337e-43 1.168682865e+17
3.705 5.412771802e-43 1.158983535e+17
3.715 5.458803511e-43 1.149343785e+17
3.725 5.505025468e-43 1.13976347e+17
3.735 5.551437674e-43 1.13024244e+17
3.745 5.598040133e-43 1.120780545e+17
3.755 5.644832847e-43 1.111377635e+17
3.765 5.691815819e-43 1.102033553e+17
3.775 5.73898905e-43 1.092748146e+17
3.785 5.786352543e-43 1.083521254e+17
3.795 5.833906301e-43 1.074352719e+17
3.805 5.881650325e-43 1.065242378e+17
3.815 5.929584619e-43 1.056190068e+17
3.825 5.977709183e-43 1.047195625e+17
3.835 6.02602402e-43 1.038258882e+17
3.845 6.074529132e-43 1.029379669e+17
3.855 6.123224522e-43 1.020557818e+17
3.865 6.17211019e-43 1.011793155e+17
3.875 6.22118614e-43 1.003085508e+17
3.885 6.270452372e-43 9.94434702e+16
3.895 6.31990889e-43 9.858405594e+16
3.905 6.369555693e-43 9.773029023e+16
3.915 6.419392786e-43 9.68821551e+16
3.925 6.469420168e-43 9.603963242e+16
3.935 6.519637842e-43 9.520270393e+16
3.945 6.57004581e-43 9.43713512e+16
3.955 6.620644073e-43 9.354555567e+16
3.965 6.671432633e-43 9.272529864e+16
3.975 6.722411491e-43 9.191056126e+16
3.985 6.773580649e-43 9.110132458e+16
3.995 6.824940108e-43 9.029756948e+16
4.005 6.876489871e-43 8.949927673e+16
4.015 6.928229938e-43 8.870642697e+16
4.025 6.980160311e-43 8.79190007e+16
4.035 7.032280991e-43 8.713697833e+16
4.045 7.084591979e-43 8.636034012e+16
4.055 7.137093278e-43 8.558906623e+16
4.065 7.189784888e-43 8.48231367e+16
4.075 7.242666811e-43 8.406253146e+16
4.085 7.295739047e-43 8.330723033e+16
4.095 7.349001599e-43 8.255721301e+16
4.105 7.402454467e-43 8.181245912e+16
4.115 7.456097653e-43 8.107294817e+16
4.125 7.509931158e-43 8.033865955e+16
4.135 7.563954983e-43 7.960957257e+16
4.145 7.618169129e-43 7.888566645e+16
4.155 7.672573597e-43 7.81669203e+16
4.165 7.727168389e-43 7.745331316e+16
4.175 7.781953505e-43 7.674482397e+16
4.185 7.836928947e-43 7.604143157e+16
4.195 7.892094715e-43 7.534311475e+16
4.205 7.947450811e-43 7.46498522e+16
4.215 8.002997236e-43 7.396162252e+16
4.225 8.05873399e-43 7.327840425e+16
4.235 8.114661075e-43 7.260017585e+16
4.245 8.170778492e-43 7.192691572e+16
4.255 8.227086241e-43 7.125860217e+16
4.265 8.283584324e-43 7.059521345e+16
4.275 8.340272741e-43 6.993672775e+16
4.285 8.397151493e-43 6.92831232e+16
4.295 8.454220582e-43 6.863437785e+16
4.305 8.511480007e-43 6.799046971e+16
4.315 8.568929771e-43 6.735137673e+16
4.325 8.626569873e-43 6.671707679e+16
4.335 8.684400315e-43 6.608754775e+16
4.345 8.742421097e-43 6.546276738e+16
4.355 8.800632221e-43 6.484271343e+16
4.365 8.859033686e-43 6.422736359e+16
4.375 8.917625494e-43 6.361669552e+16
4.385 8.976407645e-43 6.301068682e+16
4.395 9.035380141e-43 6.240931506e+16
4.405 9.094542982e-43 6.181255777e+16
4.415 9.153896168e-43 6.122039245e+16
4.425 9.213439701e-43 6.063279656e+16
4.435 9.273173581e-43 6.004974752e+16
4.445 9.333097808e-43 5.947122273e+16
4.455 9.393212384e-43 5.889719957e+16
4.465 9.453517309e-43 5.832765537e+16
4.475 9.514012584e-43 5.776256746e+16
4.485 9.57469821e-43 5.720191312e+16
4.495 9.635574186e-43 5.664566964e+16
4.505 9.696640514e-43 5.609381428e+16
4.515 9.757897194e-43 5.554632426e+16
4.525 9.819344227e-43 5.500317683e+16
4.535 9.880981614e-43 5.446434917e+16
4.545 9.942809354e-43 5.392981851e+16
4.555 1.000482745e-42 5.339956202e+16
4.565 1.00670359e-42 5.287355688e+16
4.575 1.012943471e-42 5.235178028e+16
4.585 1.019202387e-42 5.183420938e+16
4.595 1.025480339e-42 5.132082135e+16
4.605 1.031777326e-42 5.081159335e+16
4.615 1.03809335e-42 5.030650255e+16
4.625 1.044428409e-42 4.980552611e+16
4.635 1.050782504e-42 4.930864122e+16
4.645 1.057155635e-42 4.881582505e+16
4.655 1.063547803e-42 4.832705477e+16
4.665 1.069959006e-42 4.784230759e+16
4.675 1.076389245e-42 4.73615607e+16
4.685 1.08283852e-42 4.688479132e+16
4.695 1.089306832e-42 4.641197668e+16
4.705 1.09579418e-42 4.594309401e+16
4.715 1.102300564e-42 4.547812058e+16
4.725 1.108825984e-42 4.501703366e+16
4.735 1.115370441e-42 4.455981055e+16
4.745 1.121933934e-42 4.410642855e+16
4.755 1.128516463e-42 4.365686501e+16
4.765 1.135118029e-42 4.321109729e+16
4.775 1.141738632e-42 4.276910277e+16
4.785 1.148378271e-42 4.233085886e+16
4.795 1.155036947e-42 4.189634301e+16
4.805 1.161714659e-42 4.146553267e+16
4.815 1.168411408e-42 4.103840535e+16
4.825 1.175127194e-42 4.061493857e+16
4.835 1.181862017e-42 4.01951099e+16
4.845 1.188615876e-42 3.977889694e+16
4.855 1.195388772e-42 3.936627731e+16
4.865 1.202180705e-42 3.895722869e+16
4.875 1.208991675e-42 3.855172878e+16
4.885 1.215821682e-42 3.814975532e+16
4.895 1.222670726e-42 3.77512861e+16
4.905 1.229538807e-42 3.735629895e+16
4.915 1.236425925e-42 3.696477174e+16
4.925 1.24333208e-42 3.657668238e+16
4.935 1.250257272e-42 3.619200883e+16
4.945 1.257201501e-42 3.58107291e+16
4.955 1.264164767e-42 3.543282123e+16
4.965 1.271147071e-42 3.505826333e+16
4.975 1.278148412e-42 3.468703354e+16
4.985 1.28516879e-42 3.431911007e+16
4.995 1.292208205e-42 3.395447117e+16
5.005 1.299266658e-42 3.359309514e+16
5.015 1.306344148e-42 3.323496034e+16
5.025 1.313440676e-42 3.288004517e+16
5.035 1.320556241e-42 3.252832812e+16
5.045 1.327690843e-42 3.217978769e+16
5.055 1.334844483e-42 3.183440248e+16
5.065 1.34201716e-42 3.149215112e+16
5.075 1.349208875e-42 3.115301231e+16
5.085 1.356419627e-42 3.081696482e+16
5.095 1.363649417e-42 3.048398745e+16
5.105 1.370898244e-42 3.015405909e+16
5.115 1.37816611e-42 2.982715869e+16
5.125 1.385453012e-42 2.950326526e+16
5.135 1.392758953e-42 2.918235787e+16
5.145 1.400083931e-42 2.886441565e+16
5.155 1.407427947e-42 2.854941781e+16
5.165 1.414791e-42 2.823734363e+16
5.175 1.422173092e-42 2.792817243e+16
5.185 1.429574221e-42 2.762188364e+16
5.195 1.436994388e-42 2.731845672e+16
5.205 1.444433593e-42 2.701787122e+16
5.215 1.451891836e-42 2.672010676e+16
5.225 1.459369116e-42 2.642514302e+16
5.235 1.466865435e-42 2.613295977e+16
5.245 1.474380791e-42 2.584353684e+16
5.255 1.481915185e-42 2.555685413e+16
5.265 1.489468618e-42 2.527289163e+16
5.275 1.497041088e-42 2.499162938e+16
5.285 1.504632596e-42 2.471304752e+16
5.295 1.512243143e-42 2.443712626e+16
5.305 1.519872727e-42 2.416384588e+16
5.315 1.52752135e-42 2.389318673e+16
5.325 1.53518901e-42 2.362512924e+16
5.335 1.542875709e-42 2.335965395e+16
5.345 1.550581446e-42 2.309674143e+16
5.355 1.55830622e-42 2.283637237e+16
5.365 1.566050034e-42 2.25785275e+16
5.375 1.573812885e-42 2.232318767e+16
5.385 1.581594774e-42 2.207033378e+16
5.395 1.589395702e-42 2.181994684e+16
5.405 1.597215668e-42 2.157200791e+16
5.415 1.605054672e-42 2.132649815e+16
5.425 1.612912715e-42 2.10833988e+16
5.435 1.620789795e-42 2.084269118e+16
5.445 1.628685914e-42 2.060435671e+16
5.455 1.636601072e-42 2.036837686e+16
5.465 1.644535267e-42 2.013473321e+16
5.475 1.652488502e-42 1.990340742e+16
5.485 1.660460774e-42 1.967438123e+16
5.495 1.668452085e-42 1.944763646e+16
5.505 1.676462434e-42 1.922315504e+16
5.515 1.684491822e-42 1.900091895e+16
5.525 1.692540248e-42 1.878091029e+16
5.535 1.700607712e-42 1.856311123e+16
5.545 1.708694215e-42 1.834750401e+16
5.555 1.716799756e-42 1.813407099e+16
5.565 1.724924336e-42 1.79227946e+16
5.575 1.733067955e-42 1.771365736e+16
5.585 1.741230612e-42 1.750664186e+16
5.595 1.749412307e-42 1.730173082e+16
5.605 1.757613041e-42 1.709890701e+16
5.615 1.765832814e-42 1.68981533e+16
5.625 1.774071625e-42 1.669945266e+16
5.635 1.782329475e-42 1.650278813e+16
5.645 1.790606363e-42 1.630814284e+16
5.655 1.79890229e-42 1.611550004e+16
5.665 1.807217255e-42 1.592484302e+16
5.675 1.81555126e-42 1.57361552e+16
5.685 1.823904303e-42 1.554942008e+16
5.695 1.832276384e-42 1.536462123e+16
5.705 1.840667504e-42 1.518174234e+16
5.715 1.849077663e-42 1.500076716e+16
5.725 1.857506861e-42 1.482167956e+16
5.735 1.865955097e-42 1.464446347e+16
5.745 1.874422372e-42 1.446910294e+16
5.755 1.882908686e-42 1.429558208e+16
5.765 1.891414038e-42 1.412388512e+16
5.775 1.899938429e-42 1.395399635e+16
5.785 1.908481859e-42 1.378590018e+16
5.795 1.917044328e-42 1.36195811e+16
5.805 1.925625836e-42 1.345502368e+16
5.815 1.934226382e-42 1.329221259e+16
5.825 1.942845967e-42 1.313113259e+16
5.835 1.951484591e-42 1.297176852e+16
5.845 1.960142254e-42 1.281410534e+16
5.855 1.968818956e-42 1.265812807e+16
5.865 1.977514696e-42 1.250382183e+16
5.875 1.986229476e-42 1.235117184e+16
5.885 1.994963294e-42 1.220016339e+16
5.895 2.003716151e-42 1.205078188e+16
5.905 2.012488047e-42 1.190301279e+16
5.915 2.021278982e-42 1.175684171e+16
5.925 2.030088956e-42 1.161225428e+16
5.935 2.038917969e-42 1.146923627e+16
5.945 2.04776602e-42 1.132777352e+16
5.955 2.056633111e-42 1.118785197e+16
5.965 2.06551924e-42 1.104945764e+16
5.975 2.074424409e-42 1.091257664e+16
5.985 2.083348616e-42 1.077719518e+16
5.995 2.092291863e-42 1.064329955e+16
6.005 2.101254148e-42 1.051087614e+16
6.015 2.110235473e-42 1.037991142e+16
6.025 2.119235836e-42 1.025039195e+16
6.035 2.128255239e-42 1.012230439e+16
6.045 2.13729368e-42 9.995635463e+15
6.055 2.146351161e-42 9.870372013e+15
6.065 2.15542768e-42 9.746500953e+15
6.075 2.164523239e-42 9.624009291e+15
6.085 2.173637837e-42 9.502884119e+15
6.095 2.182771473e-42 9.383112622e+15
6.105 2.191924149e-42 9.26468207e+15
6.115 2.201095864e-42 9.147579823e+15
6.125 2.210286618e-42 9.031793325e+15
6.135 2.219496411e-42 8.917310111e+15
6.145 2.228725243e-42 8.804117802e+15
6.155 2.237973114e-42 8.692204105e+15
6.165 2.247240024e-42 8.581556815e+15
6.175 2.256525974e-42 8.472163814e+15
6.185 2.265830962e-42 8.364013068e+15
6.195 2.27515499e-42 8.257092632e+15
6.205 2.284498057e-42 8.151390645e+15
6.215 2.293860163e-42 8.046895332e+15
6.225 2.303241308e-42 7.943595004e+15
6.235 2.312641492e-42 7.841478055e+15
6.245 2.322060716e-42 7.740532967e+15
6.255 2.331498979e-42 7.640748305e+15
6.265 2.34095628e-42 7.542112718e+15
6.275 2.350432621e-42 7.444614939e+15
6.285 2.359928002e-42 7.348243786e+15
6.295 2.369442421e-42 7.252988161e+15
6.305 2.37897588e-42 7.158837046e+15
6.315 2.388528378e-42 7.06577951e+15
6.325 2.398099915e-42 6.973804701e+15
6.335 2.407690491e-42 6.882901853e+15
6.345 2.417300107e-42 6.79306028e+15
6.355 2.426928761e-42 6.704269378e+15
6.365 2.436576455e-42 6.616518624e+15
6.375 2.446243189e-42 6.529797578e+15
6.385 2.455928961e-42 6.444095879e+15
6.395 2.465633773e-42 6.359403248e+15
6.405 2.475357624e-42 6.275709485e+15
6.415 2.485100514e-42 6.193004472e+15
6.425 2.494862444e-42 6.111278168e+15
6.435 2.504643413e-42 6.030520612e+15
6.445 2.514443421e-42 5.950721924e+15
6.455 2.524262469e-42 5.871872301e+15
6.465 2.534100555e-42 5.793962019e+15
6.475 2.543957681e-42 5.71698143e+15
6.485 2.553833847e-42 5.640920966e+15
6.495 2.563729052e-42 5.565771136e+15
6.505 2.573643296e-42 5.491522525e+15
6.515 2.583576579e-42 5.418165795e+15
6.525 2.593528902e-42 5.345691685e+15
6.535 2.603500264e-42 5.274091009e+15
6.545 2.613490665e-42 5.203354658e+15
6.555 2.623500106e-42 5.133473595e+15
6.565 2.633528586e-42 5.064438861e+15
6.575 2.643576106e-42 4.996241571e+15
6.585 2.653642665e-42 4.928872914e+15
6.595 2.663728263e-42 4.862324151e+15
6.605 2.6738329e-42 4.79658662e+15
6.615 2.683956577e-42 4.731651728e+15
6.625 2.694099294e-42 4.667510957e+15
6.635 2.704261049e-42 4.604155863e+15
6.645 2.714441844e-42 4.541578069e+15
6.655 2.724641679e-42 4.479769275e+15
6.665 2.734860553e-42 4.418721249e+15
6.675 2.745098466e-42 4.35842583e+15
6.685 2.755355419e-42 4.298874929e+15
6.695 2.765631411e-42 4.240060526e+15
6.705 2.775926443e-42 4.18197467e+15
6.715 2.786240514e-42 4.124609481e+15
6.725 2.796573624e-42 4.067957147e+15
6.735 2.806925774e-42 4.012009925e+15
6.745 2.817296963e-42 3.95676014e+15
6.755 2.827687192e-42 3.902200185e+15
6.765 2.83809646e-42 3.848322519e+15
6.775 2.848524768e-42 3.79511967e+15
6.785 2.858972115e-42 3.742584232e+15
6.795 2.869438502e-42 3.690708865e+15
6.805 2.879923928e-42 3.639486295e+15
6.815 2.890428393e-42 3.588909314e+15
6.825 2.900951898e-42 3.538970777e+15
6.835 2.911494442e-42 3.489663607e+15
6.845 2.922056026e-42 3.44098079e+15
6.855 2.93263665e-42 3.392915374e+15
6.865 2.943236313e-42 3.345460472e+15
6.875 2.953855015e-42 3.298609262e+15
6.885 2.964492757e-42 3.252354983e+15
6.895 2.975149538e-42 3.206690935e+15
6.905 2.985825359e-42 3.161610482e+15
6.915 2.996520219e-42 3.11710705e+15
6.925 3.007234119e-42 3.073174124e+15
6.935 3.017967058e-42 3.029805252e+15
6.945 3.028719037e-42 2.98699404e+15
6.955 3.039490056e-42 2.944734158e+15
6.965 3.050280114e-42 2.903019331e+15
6.975 3.061089211e-42 2.861843347e+15
6.985 3.071917348e-42 2.82120005e+15
6.995 3.082764524e-42 2.781083344e+15
7.005 3.09363074e-42 2.741487192e+15
7.015 3.104515996e-42 2.702405613e+15
7.025 3.115420291e-42 2.663832683e+15
7.035 3.126343626e-42 2.625762537e+15
7.045 3.137286e-42 2.588189364e+15
7.055 3.148247414e-42 2.551107412e+15
7.065 3.159227867e-42 2.514510982e+15
7.075 3.17022736e-42 2.478394432e+15
7.085 3.181245892e-42 2.442752175e+15
7.095 3.192283464e-42 2.407578677e+15
7.105 3.203340076e-42 2.37286846e+15
7.115 3.214415727e-42 2.3386161e+15
7.125 3.225510417e-42 2.304816224e+15
7.135 3.236624148e-42 2.271463515e+15
7.145 3.247756917e-42 2.238552707e+15
7.155 3.258908727e-42 2.206078586e+15
7.165 3.270079576e-42 2.174035992e+15
7.175 3.281269464e-42 2.142419813e+15
7.185 3.292478392e-42 2.111224992e+15
7.195 3.30370636e-42 2.080446521e+15
7.205 3.314953367e-42 2.050079441e+15
7.215 3.326219414e-42 2.020118845e+15
7.225 3.337504501e-42 1.990559876e+15
7.235 3.348808627e-42 1.961397725e+15
7.245 3.360131793e-42 1.932627631e+15
7.255 3.371473998e-42 1.904244885e+15
7.265 3.382835243e-42 1.876244822e+15
7.275 3.394215528e-42 1.848622827e+15
7.285 3.405614852e-42 1.821374333e+15
7.295 3.417033216e-42 1.794494818e+15
7.305 3.428470619e-42 1.767979809e+15
7.315 3.439927062e-42 1.741824878e+15
7.325 3.451402545e-42 1.716025642e+15
7.335 3.462897067e-42 1.690577766e+15
7.345 3.474410629e-42 1.665476959e+15
7.355 3.48594323e-42 1.640718973e+15
7.365 3.497494872e-42 1.616299608e+15
7.375 3.509065552e-42 1.592214706e+15
7.385 3.520655273e-42 1.568460153e+15
7.395 3.532264033e-42 1.545031879e+15
7.405 3.543891833e-42 1.521925857e+15
7.415 3.555538672e-42 1.499138102e+15
7.425 3.567204551e-42 1.476664671e+15
7.435 3.57888947e-42 1.454501666e+15
7.445 3.590593428e-42 1.432645226e+15
7.455 3.602316426e-42 1.411091536e+15
7.465 3.614058464e-42 1.389836819e+15
7.475 3.625819541e-42 1.36887734e+15
7.485 3.637599658e-42 1.348209403e+15
7.495 3.649398815e-42 1.327829354e+15
7.505 3.661217011e-42 1.307733576e+15
7.515 3.673054247e-42 1.287918493e+15
7.525 3.684910523e-42 1.268380569e+15
7.535 3.696785838e-42 1.249116303e+15
7.545 3.708680193e-42 1.230122237e+15
7.555 3.720593588e-42 1.211394947e+15
7.565 3.732526022e-42 1.192931048e+15
7.575 3.744477496e-42 1.174727192e+15
7.585 3.75644801e-42 1.15678007e+15
7.595 3.768437564e-42 1.139086407e+15
7.605 3.780446157e-42 1.121642966e+15
7.615 3.792473789e-42 1.104446544e+15
7.625 3.804520462e-42 1.087493975e+15
7.635 3.816586174e-42 1.07078213e+15
7.645 3.828670926e-42 1.054307912e+15
7.655 3.840774718e-42 1.03806826e+15
7.665 3.852897549e-42 1.022060149e+15
7.675 3.86503942e-42 1.006280585e+15
7.685 3.877200331e-42 9.907266096e+14
7.695 3.889380281e-42 9.753952983e+14
7.705 3.901579271e-42 9.602837589e+14
7.715 3.913797301e-42 9.453891324e+14
7.725 3.92603437e-42 9.307085921e+14
7.735 3.93829048e-42 9.162393439e+14
7.745 3.950565628e-42 9.019786255e+14
7.755 3.962859817e-42 8.879237063e+14
7.765 3.975173046e-42 8.740718871e+14
7.775 3.987505314e-42 8.604204998e+14
7.785 3.999856621e-42 8.46966907e+14
7.795 4.012226969e-42 8.337085018e+14
7.805 4.024616356e-42 8.206427076e+14
7.815 4.037024783e-42 8.077669777e+14
7.825 4.04945225e-42 7.950787951e+14
7.835 4.061898756e-42 7.825756719e+14
7.845 4.074364303e-42 7.702551496e+14
7.855 4.086848888e-42 7.581147982e+14
7.865 4.099352514e-42 7.461522165e+14
7.875 4.11187518e-42 7.343650314e+14
7.885 4.124416885e-42 7.227508977e+14
7.895 4.13697763e-42 7.11307498e+14
7.905 4.149557414e-42 7.000325423e+14
7.915 4.162156238e-42 6.889237677e+14
7.925 4.174774103e-42 6.779789383e+14
7.935 4.187411006e-42 6.671958447e+14
7.945 4.20006695e-42 6.565723038e+14
7.955 4.212741933e-42 6.461061589e+14
7.965 4.225435956e-42 6.357952789e+14
7.975 4.238149019e-42 6.256375583e+14
7.985 4.250881122e-42 6.156309169e+14
7.995 4.263632264e-42 6.057732996e+14
8.005 4.276402446e-42 5.960626762e+14
8.015 4.289191668e-42 5.864970411e+14
8.025 4.30199993e-42 5.770744127e+14
8.035 4.314827231e-42 5.677928338e+14
8.045 4.327673572e-42 5.58650371e+14
8.055 4.340538953e-42 5.496451142e+14
8.065 4.353423374e-42 5.407751769e+14
8.075 4.366326834e-42 5.320386957e+14
8.085 4.379249334e-42 5.2343383e+14
8.095 4.392190874e-42 5.149587617e+14
8.105 4.405151454e-42 5.066116952e+14
8.115 4.418131074e-42 4.983908572e+14
8.125 4.431129733e-42 4.902944961e+14
8.135 4.444147432e-42 4.823208821e+14
8.145 4.457184171e-42 4.744683068e+14
8.155 4.47023995e-42 4.667350832e+14
8.165 4.483314768e-42 4.591195451e+14
8.175 4.496408626e-42 4.516200473e+14
8.185 4.509521524e-42 4.44234965e+14
8.195 4.522653462e-42 4.36962694e+14
8.205 4.535804439e-42 4.298016499e+14
8.215 4.548974457e-42 4.227502685e+14
8.225 4.562163514e-42 4.158070053e+14
8.235 4.575371611e-42 4.089703351e+14
8.245 4.588598747e-42 4.022387521e+14
8.255 4.601844924e-42 3.956107697e+14
8.265 4.61511014e-42 3.8908492e+14
8.275 4.628394396e-42 3.826597538e+14
8.285 4.641697692e-42 3.763338405e+14
8.295 4.655020027e-42 3.701057675e+14
8.305 4.668361403e-42 3.639741407e+14
8.315 4.681721818e-42 3.579375833e+14
8.325 4.695101273e-42 3.519947367e+14
8.335 4.708499768e-42 3.461442595e+14
8.345 4.721917303e-42 3.403848275e+14
8.355 4.735353877e-42 3.347151337e+14
8.365 4.748809491e-42 3.291338882e+14
8.375 4.762284145e-42 3.236398175e+14
8.385 4.775777839e-42 3.182316647e+14
8.395 4.789290573e-42 3.129081894e+14
8.405 4.802822346e-42 3.076681672e+14
8.415 4.816373159e-42 3.025103897e+14
8.425 4.829943012e-42 2.974336643e+14
8.435 4.843531905e-42 2.924368141e+14
8.445 4.857139838e-42 2.875186774e+14
8.455 4.87076681e-42 2.826781081e+14
8.465 4.884412823e-42 2.779139749e+14
8.475 4.898077875e-42 2.732251616e+14
8.485 4.911761967e-42 2.686105666e+14
8.495 4.925465099e-42 2.640691031e+14
8.505 4.93918727e-42 2.595996984e+14
8.515 4.952928482e-42 2.552012943e+14
8.525 4.966688733e-42 2.508728465e+14
8.535 4.980468024e-42 2.466133247e+14
8.545 4.994266355e-42 2.424217125e+14
8.555 5.008083725e-42 2.382970067e+14
8.565 5.021920136e-42 2.34238218e+14
8.575 5.035775586e-42 2.3024437e+14
8.585 5.049650076e-42 2.263144996e+14
8.595 5.063543606e-42 2.224476567e+14
8.605 5.077456176e-42 2.186429039e+14
8.615 5.091387786e-42 2.148993165e+14
8.625 5.105338435e-42 2.112159824e+14
8.635 5.119308124e-42 2.075920017e+14
8.645 5.133296853e-42 2.040264869e+14
8.655 5.147304622e-42 2.005185624e+14
8.665 5.161331431e-42 1.970673647e+14
8.675 5.17537728e-42 1.936720419e+14
8.685 5.189442168e-42 1.90331754e+14
8.695 5.203526097e-42 1.870456721e+14
8.705 5.217629065e-42 1.838129791e+14
8.715 5.231751073e-42 1.806328689e+14
8.725 5.24589212e-42 1.775045466e+14
8.735 5.260052208e-42 1.74427228e+14
8.745 5.274231336e-42 1.7140014e+14
8.755 5.288429503e-42 1.684225202e+14
8.765 5.30264671e-42 1.654936165e+14
8.775 5.316882957e-42 1.626126875e+14
8.785 5.331138244e-42 1.59779002e+14
8.795 5.345412571e-42 1.56991839e+14
8.805 5.359705937e-42 1.542504875e+14
8.815 5.374018344e-42 1.515542464e+14
8.825 5.38834979e-42 1.489024246e+14
8.835 5.402700276e-42 1.462943405e+14
8.845 5.417069802e-42 1.437293221e+14
8.855 5.431458368e-42 1.412067069e+14
8.865 5.445865973e-42 1.387258416e+14
8.875 5.460292619e-42 1.362860823e+14
8.885 5.474738304e-42 1.338867941e+14
8.895 5.489203029e-42 1.315273511e+14
8.905 5.503686794e-42 1.292071361e+14
8.915 5.518189599e-42 1.26925541e+14
8.925 5.532711444e-42 1.24681966e+14
8.935 5.547252328e-42 1.2247582e+14
8.945 5.561812253e-42 1.203065204e+14
8.955 5.576391217e-42 1.181734928e+14
8.965 5.590989221e-42 1.160761711e+14
8.975 5.605606265e-42 1.140139972e+14
8.985 5.620242349e-42 1.11986421e+14
8.995 5.634897473e-42 1.099929005e+14
9.005 5.649571637e-42 1.080329014e+14
9.015 5.66426484e-42 1.061058969e+14
9.025 5.678977083e-42 1.042113682e+14
9.035 5.693708367e-42 1.023488036e+14
9.045 5.70845869e-42 1.005176992e+14
9.055 5.723228053e-42 9.871755798e+13
9.065 5.738016455e-42 9.694789052e+13
9.075 5.752823898e-42 9.520821433e+13
9.085 5.767650381e-42 9.349805398e+13
9.095 5.782495903e-42 9.181694099e+13
9.105 5.797360465e-42 9.016441374e+13
9.115 5.812244067e-42 8.854001733e+13
9.125 5.827146709e-42 8.694330356e+13
9.135 5.842068391e-42 8.537383081e+13
9.145 5.857009113e-42 8.383116393e+13
9.155 5.871968874e-42 8.231487422e+13
9.165 5.886947676e-42 8.082453925e+13
9.175 5.901945517e-42 7.935974288e+13
9.185 5.916962398e-42 7.792007509e+13
9.195 5.93199832e-42 7.650513196e+13
9.205 5.947053281e-42 7.511451555e+13
9.215 5.962127281e-42 7.374783383e+13
9.225 5.977220322e-42 7.240470062e+13
9.235 5.992332403e-42 7.108473549e+13
9.245 6.007463523e-42 6.978756367e+13
9.255 6.022613683e-42 6.851281602e+13
9.265 6.037782884e-42 6.726012892e+13
9.275 6.052971124e-42 6.602914418e+13
9.285 6.068178404e-42 6.481950901e+13
9.295 6.083404724e-42 6.363087592e+13
9.305 6.098650083e-42 6.246290266e+13
9.315 6.113914483e-42 6.131525212e+13
9.325 6.129197923e-42 6.018759229e+13
9.335 6.144500402e-42 5.907959621e+13
9.345 6.159821921e-42 5.799094183e+13
9.355 6.17516248e-42 5.692131201e+13
9.365 6.190522079e-42 5.587039442e+13
9.375 6.205900718e-42 5.483788148e+13
9.385 6.221298397e-42 5.38234703e+13
9.395 6.236715116e-42 5.282686262e+13
9.405 6.252150874e-42 5.184776471e+13
9.415 6.267605673e-42 5.088588736e+13
9.425 6.283079511e-42 4.994094578e+13
9.435 6.298572389e-42 4.901265956e+13
9.445 6.314084308e-42 4.810075257e+13
9.455 6.329615266e-42 4.720495298e+13
9.465 6.345165263e-42 4.632499309e+13
9.475 6.360734301e-42 4.546060938e+13
9.485 6.376322379e-42 4.461154237e+13
9.495 6.391929497e-42 4.377753661e+13
9.505 6.407555654e-42 4.295834061e+13
9.515 6.423200851e-42 4.215370677e+13
9.525 6.438865089e-42 4.136339136e+13
9.535 6.454548366e-42 4.058715442e+13
9.545 6.470250683e-42 3.982475975e+13
9.555 6.48597204e-42 3.90759748e+13
9.565 6.501712437e-42 3.834057071e+13
9.575 6.517471873e-42 3.761832215e+13
9.585 6.53325035e-42 3.690900735e+13
9.595 6.549047866e-42 3.621240802e+13
9.605 6.564864423e-42 3.552830927e+13
9.615 6.580700019e-42 3.485649964e+13
9.625 6.596554655e-42 3.419677095e+13
9.635 6.612428331e-42 3.354891835e+13
9.645 6.628321048e-42 3.29127402e+13
9.655 6.644232803e-42 3.228803806e+13
9.665 6.660163599e-42 3.167461663e+13
9.675 6.676113435e-42 3.107228372e+13
9.685 6.692082311e-42 3.048085017e+13
9.695 6.708070226e-42 2.990012984e+13
9.705 6.724077181e-42 2.932993958e+13
9.715 6.740103177e-42 2.877009913e+13
9.725 6.756148212e-42 2.822043111e+13
9.735 6.772212287e-42 2.7680761e+13
9.745 6.788295402e-42 2.715091705e+13
9.755 6.804397557e-42 2.663073029e+13
9.765 6.820518752e-42 2.612003444e+13
9.775 6.836658987e-42 2.561866591e+13
9.785 6.852818261e-42 2.512646374e+13
9.795 6.868996576e-42 2.464326956e+13
9.805 6.88519393e-42 2.416892756e+13
9.815 6.901410325e-42 2.370328445e+13
9.825 6.917645759e-42 2.324618943e+13
9.835 6.933900233e-42 2.279749412e+13
9.845 6.950173747e-42 2.235705258e+13
9.855 6.966466301e-42 2.192472122e+13
9.865 6.982777895e-42 2.150035879e+13
9.875 6.999108529e-42 2.108382635e+13
9.885 7.015458203e-42 2.067498723e+13
9.895 7.031826916e-42 2.027370696e+13
9.905 7.04821467e-42 1.987985332e+13
9.915 7.064621463e-42 1.949329622e+13
9.925 7.081047297e-42 1.911390772e+13
9.935 7.09749217e-42 1.874156197e+13
9.945 7.113956083e-42 1.83761352e+13
9.955 7.130439036e-42 1.801750568e+13
9.965 7.146941029e-42 1.766555367e+13
9.975 7.163462062e-42 1.732016142e+13
9.985 7.180002135e-42 1.698121313e+13
