0.88497 2.62784e-3
0.89068 2.6426e-3
0.89068 2.65741e-3
0.89068 2.67229e-3
0.89068 2.68726e-3
0.88497 2.70228e-3
0.88497 2.71741e-3
0.88497 2.73264e-3
0.88497 2.74795e-3
0.88497 2.76334e-3
0.88497 2.77882e-3
0.88497 2.79439e-3
0.88497 2.81004e-3
0.88497 2.82579e-3
0.87929 2.84157e-3
0.87929 2.85749e-3
0.87929 2.8735e-3
0.87929 2.8896e-3
0.87929 2.90578e-3
0.87929 2.92206e-3
0.87929 2.93843e-3
0.87929 2.95489e-3
0.87929 2.97145e-3
0.87929 2.98809e-3
0.87366 3.00479e-3
0.87366 3.02162e-3
0.87366 3.03855e-3
0.87366 3.05557e-3
0.87366 3.07269e-3
0.87366 3.0899e-3
0.87366 3.10721e-3
0.87366 3.12462e-3
0.87366 3.14212e-3
0.87366 3.15972e-3
0.86806 3.17737e-3
0.86806 3.19517e-3
0.86806 3.21307e-3
0.86806 3.23107e-3
0.86806 3.24918e-3
0.86806 3.26738e-3
0.86806 3.28568e-3
0.86806 3.30409e-3
0.86806 3.3226e-3
0.86806 3.34121e-3
0.86806 3.35993e-3
0.86249 3.3787e-3
0.86249 3.39763e-3
0.86249 3.41666e-3
0.86249 3.4358e-3
0.86249 3.45505e-3
0.86249 3.4744e-3
0.86249 3.49387e-3
0.86249 3.51344e-3
0.86249 3.53312e-3
0.86249 3.55292e-3
0.86249 3.57282e-3
0.85696 3.59278e-3
0.85696 3.61291e-3
0.85696 3.63315e-3
0.85696 3.6535e-3
0.85696 3.67397e-3
0.85696 3.69455e-3
0.85696 3.71525e-3
0.85147 3.736e-3
0.85147 3.75693e-3
0.85147 3.77798e-3
0.85147 3.79914e-3
0.85147 3.82043e-3
0.85147 3.84183e-3
0.85147 3.86335e-3
0.85147 3.88499e-3
0.84601 3.9067e-3
0.84601 3.92858e-3
0.84601 3.95059e-3
0.84601 3.97272e-3
0.84601 3.99498e-3
0.84601 4.01736e-3
0.84601 4.03986e-3
0.84601 4.0625e-3
0.84601 4.08525e-3
0.84058 4.10808e-3
0.84058 4.13109e-3
0.84058 4.15423e-3
0.84058 4.1775e-3
0.84058 4.20091e-3
0.84058 4.22444e-3
0.84058 4.24811e-3
0.84058 4.27191e-3
0.84058 4.29584e-3
0.84058 4.3199e-3
0.83518 4.34404e-3
0.83518 4.36837e-3
0.83518 4.39284e-3
0.83518 4.41745e-3
0.83518 4.4422e-3
0.83518 4.46709e-3
0.83518 4.49211e-3
0.83518 4.51728e-3
0.83518 4.54258e-3
0.83518 4.56803e-3
0.83518 4.59362e-3
0.83518 4.61935e-3
0.83518 4.64523e-3
0.83518 4.67126e-3
0.82984 4.69735e-3
0.82984 4.72367e-3
0.82984 4.75013e-3
0.82984 4.77674e-3
0.82984 4.8035e-3
0.82984 4.83041e-3
0.82984 4.85747e-3
0.82984 4.88468e-3
0.82984 4.91205e-3
0.82984 4.93956e-3
0.82984 4.96724e-3
0.82984 4.99506e-3
0.82452 5.02297e-3
0.82452 5.05111e-3
0.82452 5.0794e-3
0.82452 5.10786e-3
0.82452 5.13647e-3
0.82452 5.16525e-3
0.82452 5.19418e-3
0.82452 5.22328e-3
0.82452 5.25254e-3
0.82452 5.28197e-3
0.82452 5.31156e-3
0.82452 5.34131e-3
0.82452 5.37124e-3
0.82452 5.40133e-3
0.82452 5.43159e-3
0.82452 5.46201e-3
0.82452 5.49261e-3
0.82452 5.52338e-3
0.82452 5.55433e-3
0.81923 5.58535e-3
0.81923 5.61664e-3
0.81923 5.64811e-3
0.81923 5.67975e-3
0.81923 5.71157e-3
0.81923 5.74357e-3
0.81923 5.77574e-3
0.81923 5.8081e-3
0.81923 5.84064e-3
0.81923 5.87336e-3
0.81923 5.90626e-3
0.81923 5.93935e-3
0.81923 5.97262e-3
0.81923 6.00608e-3
0.81923 6.03973e-3
0.81923 6.07356e-3
0.81923 6.10759e-3
0.81923 6.1418e-3
0.81923 6.17621e-3
0.81923 6.21081e-3
0.81923 6.2456e-3
0.81923 6.28059e-3
0.81923 6.31577e-3
0.81398 6.35106e-3
0.81398 6.38664e-3
0.81398 6.42241e-3
0.81398 6.45839e-3
0.81398 6.49457e-3
0.81398 6.53096e-3
0.81398 6.56754e-3
0.81398 6.60434e-3
0.81398 6.64133e-3
0.81398 6.67854e-3
0.81398 6.71595e-3
0.81398 6.75358e-3
0.81398 6.79141e-3
0.81398 6.82946e-3
0.81398 6.86772e-3
0.81398 6.90619e-3
0.81398 6.94488e-3
0.81398 6.98379e-3
0.81398 7.02291e-3
0.81398 7.06225e-3
0.81398 7.10182e-3
0.81398 7.1416e-3
0.81398 7.18161e-3
0.81398 7.22184e-3
0.81398 7.2623e-3
0.81398 7.30298e-3
0.81398 7.34389e-3
0.80876 7.38492e-3
0.80876 7.42629e-3
0.80876 7.46789e-3
0.80876 7.50973e-3
0.80876 7.5518e-3
0.80876 7.59411e-3
0.80876 7.63665e-3
0.80876 7.67943e-3
0.80876 7.72245e-3
0.80876 7.76571e-3
0.80876 7.80922e-3
0.80876 7.85297e-3
0.80876 7.89696e-3
0.80876 7.9412e-3
0.80876 7.98569e-3
0.80876 8.03042e-3
0.80876 8.07541e-3
0.80876 8.12065e-3
0.80876 8.16614e-3
0.80876 8.21189e-3
0.80876 8.25789e-3
0.80876 8.30415e-3
0.80876 8.35068e-3
0.80876 8.39746e-3
0.80876 8.4445e-3
0.80876 8.49181e-3
0.80876 8.53938e-3
0.80876 8.58722e-3
0.80876 8.63532e-3
0.80876 8.6837e-3
0.80876 8.73235e-3
0.80876 8.78127e-3
0.80876 8.83046e-3
0.80876 8.87993e-3
0.80876 8.92967e-3
0.81398 8.97984e-3
0.81398 9.03015e-3
0.81398 9.08073e-3
0.81398 9.1316e-3
0.81398 9.18276e-3
0.81398 9.2342e-3
0.81398 9.28593e-3
0.81398 9.33796e-3
0.81398 9.39027e-3
0.81398 9.44287e-3
0.81398 9.49577e-3
0.81398 9.54897e-3
0.81398 9.60246e-3
0.81398 9.65626e-3
0.81398 9.71035e-3
0.81398 9.76475e-3
0.81398 9.81945e-3
0.81398 9.87446e-3
0.81398 9.92978e-3
0.81398 9.98541e-3
0.81398 0.01004
0.81398 0.0101
0.81398 0.01015
0.81398 0.01021
0.81398 0.01027
0.81398 0.01033
0.81398 0.01038
0.81398 0.01044
0.81923 0.0105
0.81923 0.01056
0.81923 0.01062
0.81923 0.01068
0.81923 0.01074
0.81923 0.0108
0.81923 0.01086
0.81923 0.01092
0.81923 0.01098
0.81923 0.01104
0.81923 0.0111
0.81923 0.01117
0.81923 0.01123
0.81923 0.01129
0.81923 0.01135
0.81923 0.01142
0.81923 0.01148
0.81923 0.01155
0.81923 0.01161
0.81923 0.01168
0.81923 0.01174
0.81923 0.01181
0.81923 0.01187
0.81923 0.01194
0.81923 0.01201
0.81923 0.01207
0.81923 0.01214
0.81923 0.01221
0.81923 0.01228
0.81923 0.01235
0.81923 0.01242
0.81923 0.01249
0.81923 0.01256
0.81923 0.01263
0.81923 0.0127
0.82452 0.01277
0.82452 0.01284
0.82452 0.01291
0.82452 0.01298
0.82452 0.01306
0.82452 0.01313
0.82452 0.0132
0.82452 0.01328
0.82452 0.01335
0.82452 0.01343
0.82452 0.0135
0.82452 0.01358
0.82452 0.01365
0.82452 0.01373
0.82452 0.01381
0.82452 0.01388
0.82452 0.01396
0.82452 0.01404
0.82452 0.01412
0.82452 0.0142
0.82452 0.01428
0.82452 0.01436
0.82452 0.01444
0.82452 0.01452
0.82984 0.0146
0.82984 0.01468
0.82984 0.01476
0.82984 0.01485
0.82984 0.01493
0.82984 0.01501
0.82984 0.0151
0.82984 0.01518
0.82984 0.01527
0.83518 0.01535
0.83518 0.01544
0.83518 0.01553
0.83518 0.01561
0.83518 0.0157
0.83518 0.01579
0.83518 0.01588
0.83518 0.01597
0.84058 0.01606
0.84058 0.01615
0.84058 0.01624
0.84058 0.01633
0.84058 0.01642
0.84058 0.01651
0.84058 0.0166
0.84058 0.0167
0.84058 0.01679
0.84058 0.01688
0.84601 0.01698
0.84601 0.01707
0.84601 0.01717
0.84601 0.01727
0.84601 0.01736
0.84601 0.01746
0.84601 0.01756
0.84601 0.01766
0.84601 0.01775
0.85147 0.01785
0.85147 0.01795
0.85147 0.01805
0.85147 0.01816
0.85147 0.01826
0.85147 0.01836
0.85147 0.01846
0.85147 0.01857
0.85147 0.01867
0.85147 0.01877
0.85147 0.01888
0.85147 0.01899
0.85147 0.01909
0.85147 0.0192
0.85147 0.01931
0.85147 0.01941
0.85147 0.01952
0.85147 0.01963
0.85147 0.01974
0.85147 0.01985
0.85147 0.01996
0.85147 0.02008
0.85147 0.02019
0.85147 0.0203
0.85696 0.02042
0.85696 0.02053
0.85696 0.02065
0.85696 0.02076
0.85696 0.02088
0.86249 0.02099
0.86249 0.02111
0.86249 0.02123
0.86249 0.02135
0.86249 0.02147
0.86249 0.02159
0.86249 0.02171
0.86249 0.02183
0.86249 0.02195
0.86249 0.02208
0.86249 0.0222
0.86806 0.02233
0.86806 0.02245
0.86806 0.02258
0.86806 0.0227
0.86806 0.02283
0.86806 0.02296
0.87366 0.02309
0.87366 0.02322
0.87366 0.02335
0.87366 0.02348
0.87366 0.02361
0.87929 0.02374
0.87929 0.02387
0.87929 0.02401
0.87929 0.02414
0.87929 0.02428
0.87929 0.02441
0.88497 0.02455
0.88497 0.02469
0.88497 0.02483
0.88497 0.02497
0.88497 0.02511
0.88497 0.02525
0.89068 0.02539
0.89643 0.02553
0.89643 0.02567
0.89643 0.02582
0.89068 0.02582
0.89068 0.02567
0.89068 0.02553
0.89643 0.02539
0.90221 0.02539
0.90803 0.02525
0.90221 0.02525
0.90803 0.02511
0.91388 0.02497
0.91388 0.02483
0.91978 0.02469
0.92572 0.02455
0.92572 0.02442
0.93169 0.02428
0.93169 0.02415
0.93169 0.02401
0.93771 0.02388
0.94376 0.02375
0.94376 0.02361
0.94985 0.02348
0.95598 0.02335
0.96214 0.02322
0.96214 0.02309
0.96835 0.02296
0.9746 0.02284
0.98089 0.02271
0.98089 0.02258
0.98722 0.02246
0.99359 0.02233
0.99359 0.02221
1.0 0.02209
1.0 0.02196
1.0 0.02184
1.0 0.02172
1.0 0.0216
1.0 0.02148
1.0 0.02136
1.0 0.02124
1.00645 0.02112
1.00645 0.021
1.00645 0.02089
1.00645 0.02077
1.00645 0.02065
1.00645 0.02054
1.00645 0.02042
1.00645 0.02031
1.00645 0.0202
1.00645 0.02008
1.00645 0.01997
1.00645 0.01986
1.00645 0.01975
1.00645 0.01964
1.01295 0.01953
1.01295 0.01942
1.01295 0.01931
1.01295 0.01921
1.01295 0.0191
1.01295 0.01899
1.01295 0.01889
1.01295 0.01878
1.01295 0.01868
1.01295 0.01857
1.01295 0.01847
1.01295 0.01837
1.01295 0.01827
1.01948 0.01816
1.01948 0.01806
1.01948 0.01796
1.01948 0.01786
1.01948 0.01776
1.01948 0.01766
1.01948 0.01756
1.02606 0.01747
1.02606 0.01737
1.02606 0.01727
1.02606 0.01718
1.02606 0.01708
1.02606 0.01699
1.02606 0.01689
1.02606 0.0168
1.03268 0.0167
1.03268 0.01661
1.03268 0.01652
1.03268 0.01643
1.03268 0.01634
1.03268 0.01624
1.03268 0.01615
1.03268 0.01606
1.03268 0.01597
1.03268 0.01589
1.03268 0.0158
1.03268 0.01571
1.03935 0.01562
1.03935 0.01553
1.03935 0.01545
1.03935 0.01536
1.03935 0.01528
1.03935 0.01519
1.03935 0.01511
1.03935 0.01502
1.04605 0.01494
1.04605 0.01486
1.04605 0.01477
1.04605 0.01469
1.04605 0.01461
1.04605 0.01453
1.04605 0.01445
1.0528 0.01437
1.0528 0.01429
1.0528 0.01421
1.0528 0.01413
1.0528 0.01405
1.0528 0.01397
1.0528 0.01389
1.0528 0.01382
1.0528 0.01374
1.0528 0.01366
1.0528 0.01359
1.0528 0.01351
1.0528 0.01343
1.0528 0.01336
1.0528 0.01329
1.0528 0.01321
1.0528 0.01314
1.0528 0.01306
1.0528 0.01299
1.0528 0.01292
1.0528 0.01285
1.0528 0.01278
1.0528 0.0127
1.0528 0.01263
1.0528 0.01256
1.0528 0.01249
1.0528 0.01242
1.0528 0.01235
1.0528 0.01229
1.0528 0.01222
1.0528 0.01215
1.0528 0.01208
1.0528 0.01201
1.0528 0.01195
1.0528 0.01188
1.0528 0.01181
1.05959 0.01175
1.05959 0.01168
1.05959 0.01162
1.05959 0.01155
1.05959 0.01149
1.05959 0.01143
1.05959 0.01136
1.05959 0.0113
1.05959 0.01124
1.05959 0.01117
1.05959 0.01111
1.05959 0.01105
1.05959 0.01099
1.05959 0.01093
1.05959 0.01087
1.05959 0.0108
1.05959 0.01074
1.05959 0.01068
1.05959 0.01063
1.05959 0.01057
1.05959 0.01051
1.05959 0.01045
1.05959 0.01039
1.05959 0.01033
1.05959 0.01027
1.05959 0.01022
1.05959 0.01016
1.05959 0.0101
1.05959 0.01005
1.05959 9.9918e-3
1.05959 9.93614e-3
1.05959 9.88078e-3
1.05959 9.82574e-3
1.05959 9.771e-3
1.05959 9.71657e-3
1.05959 9.66244e-3
1.05959 9.60861e-3
1.06643 9.55523e-3
1.06643 9.502e-3
1.06643 9.44906e-3
1.06643 9.39642e-3
1.06643 9.34408e-3
1.06643 9.29202e-3
1.06643 9.24026e-3
1.06643 9.18878e-3
1.06643 9.13759e-3
1.06643 9.08669e-3
1.06643 9.03607e-3
1.06643 8.98573e-3
1.06643 8.93567e-3
1.06643 8.88589e-3
1.06643 8.83639e-3
1.06643 8.78716e-3
1.06643 8.73821e-3
1.06643 8.68953e-3
1.06643 8.64112e-3
1.06643 8.59298e-3
1.06643 8.54511e-3
1.06643 8.49751e-3
1.06643 8.45017e-3
1.06643 8.40309e-3
1.07331 8.35641e-3
1.07331 8.30986e-3
1.07331 8.26356e-3
1.07331 8.21753e-3
1.07331 8.17175e-3
1.07331 8.12623e-3
1.07331 8.08096e-3
1.07331 8.03594e-3
1.07331 7.99117e-3
1.07331 7.94665e-3
1.07331 7.90238e-3
1.07331 7.85836e-3
1.07331 7.81458e-3
1.07331 7.77105e-3
1.07331 7.72776e-3
1.07331 7.6847e-3
1.07331 7.64189e-3
1.07331 7.59932e-3
1.07331 7.55699e-3
1.07331 7.51489e-3
1.07331 7.47302e-3
1.07331 7.43139e-3
1.07331 7.38999e-3
1.07331 7.34882e-3
1.07331 7.30788e-3
1.07331 7.26717e-3
1.07331 7.22669e-3
1.07331 7.18643e-3
1.07331 7.14639e-3
1.06643 7.10647e-3
1.06643 7.06688e-3
1.06643 7.02751e-3
1.06643 6.98836e-3
1.06643 6.94943e-3
1.06643 6.91072e-3
1.06643 6.87222e-3
1.06643 6.83393e-3
1.06643 6.79586e-3
1.06643 6.758e-3
1.06643 6.72036e-3
1.06643 6.68292e-3
1.06643 6.64569e-3
1.06643 6.60867e-3
1.06643 6.57185e-3
1.06643 6.53524e-3
1.06643 6.49883e-3
1.06643 6.46263e-3
1.06643 6.42662e-3
1.06643 6.39082e-3
1.06643 6.35522e-3
1.06643 6.31982e-3
1.06643 6.28461e-3
1.06643 6.2496e-3
1.06643 6.21478e-3
1.06643 6.18016e-3
1.06643 6.14573e-3
1.06643 6.11149e-3
1.05959 6.07735e-3
1.05959 6.0435e-3
1.05959 6.00983e-3
1.05959 5.97635e-3
1.05959 5.94306e-3
1.05959 5.90995e-3
1.05959 5.87702e-3
1.05959 5.84428e-3
1.05959 5.81173e-3
1.05959 5.77935e-3
1.05959 5.74715e-3
1.05959 5.71514e-3
1.05959 5.6833e-3
1.05959 5.65164e-3
1.05959 5.62015e-3
1.05959 5.58884e-3
1.05959 5.55771e-3
1.05959 5.52675e-3
1.05959 5.49596e-3
1.05959 5.46534e-3
1.05959 5.43489e-3
1.05959 5.40462e-3
1.05959 5.37451e-3
1.0528 5.34448e-3
1.0528 5.31471e-3
1.0528 5.2851e-3
1.0528 5.25566e-3
1.0528 5.22638e-3
1.0528 5.19726e-3
1.0528 5.16831e-3
1.0528 5.13952e-3
1.0528 5.11089e-3
1.0528 5.08242e-3
1.0528 5.0541e-3
1.0528 5.02595e-3
1.0528 4.99795e-3
1.0528 4.9701e-3
1.0528 4.94242e-3
1.0528 4.91488e-3
1.0528 4.8875e-3
1.0528 4.86027e-3
1.04605 4.83312e-3
1.04605 4.8062e-3
1.04605 4.77942e-3
1.04605 4.7528e-3
1.04605 4.72632e-3
1.04605 4.69999e-3
1.04605 4.67381e-3
1.04605 4.64777e-3
1.04605 4.62188e-3
1.04605 4.59613e-3
1.04605 4.57053e-3
1.04605 4.54506e-3
1.04605 4.51974e-3
1.04605 4.49456e-3
1.03935 4.46946e-3
1.03935 4.44456e-3
1.03935 4.4198e-3
1.03935 4.39517e-3
1.03935 4.37069e-3
1.03935 4.34634e-3
1.03935 4.32213e-3
1.03935 4.29805e-3
1.03935 4.27411e-3
1.03935 4.2503e-3
1.03935 4.22662e-3
1.03935 4.20307e-3
1.03935 4.17966e-3
1.03268 4.15631e-3
1.03268 4.13315e-3
1.03268 4.11013e-3
1.03268 4.08723e-3
1.03268 4.06446e-3
1.03268 4.04182e-3
1.03268 4.0193e-3
1.03268 3.99691e-3
1.03268 3.97464e-3
1.03268 3.9525e-3
1.02606 3.93042e-3
1.02606 3.90853e-3
1.02606 3.88675e-3
1.02606 3.8651e-3
1.02606 3.84357e-3
1.02606 3.82216e-3
1.02606 3.80086e-3
1.02606 3.77969e-3
1.02606 3.75863e-3
1.01948 3.73763e-3
1.01948 3.71681e-3
1.01948 3.69611e-3
1.01948 3.67552e-3
1.01948 3.65504e-3
1.01948 3.63468e-3
1.01948 3.61443e-3
1.01948 3.59429e-3
1.01948 3.57427e-3
1.01948 3.55436e-3
1.01295 3.5345e-3
1.01295 3.51481e-3
1.01295 3.49523e-3
1.01295 3.47576e-3
1.01295 3.4564e-3
1.01295 3.43714e-3
1.01295 3.41799e-3
1.01295 3.39895e-3
1.01295 3.38002e-3
1.01295 3.36119e-3
1.01295 3.34246e-3
1.00645 3.32379e-3
1.00645 3.30527e-3
1.00645 3.28686e-3
1.00645 3.26855e-3
1.00645 3.25034e-3
1.00645 3.23223e-3
1.00645 3.21423e-3
1.00645 3.19632e-3
1.00645 3.17852e-3
1.00645 3.16081e-3
1.00645 3.1432e-3
1.00645 3.12569e-3
1.0 3.10823e-3
1.0 3.09091e-3
1.0 3.07369e-3
1.0 3.05657e-3
1.0 3.03954e-3
1.0 3.02261e-3
0.99359 3.00572e-3
0.98722 2.98893e-3
0.98722 2.97228e-3
0.98089 2.95568e-3
0.98089 2.93921e-3
0.9746 2.92279e-3
0.9746 2.90651e-3
0.96835 2.90646e-3
0.96835 2.89027e-3
0.96214 2.87413e-3
0.95598 2.85807e-3
