1.77257 7.69406e-3
1.76121 7.73705e-3
1.76121 7.78039e-3
1.7499 7.82385e-3
1.7499 7.86768e-3
1.7499 7.91176e-3
1.7387 7.95596e-3
1.7387 8.00053e-3
1.7387 8.04535e-3
1.72755 8.09029e-3
1.72755 8.13562e-3
1.71647 8.18106e-3
1.71647 8.2269e-3
1.70547 8.27285e-3
1.70547 8.3192e-3
1.70547 8.3658e-3
1.69452 8.41254e-3
1.69452 8.45967e-3
1.68367 8.50693e-3
1.68367 8.55458e-3
1.68367 8.60251e-3
1.67288 8.65056e-3
1.67288 8.69903e-3
1.66215 8.74762e-3
1.66215 8.79663e-3
1.66215 8.84591e-3
1.65149 8.89532e-3
1.65149 8.94516e-3
1.65149 8.99527e-3
1.6409 9.04552e-3
1.6409 9.09619e-3
1.6409 9.14715e-3
1.63039 9.19825e-3
1.63039 9.24978e-3
1.63039 9.3016e-3
1.61993 9.35356e-3
1.61993 9.40596e-3
1.61993 9.45865e-3
1.61993 9.51164e-3
1.60955 9.56478e-3
1.60955 9.61836e-3
1.60955 9.67224e-3
1.59923 9.72628e-3
1.59923 9.78076e-3
1.59923 9.83556e-3
1.59923 9.89066e-3
1.58897 9.94591e-3
1.58897 0.01
1.58897 0.01006
1.58897 0.01011
1.58897 0.01017
1.58897 0.01023
1.58897 0.01028
1.57879 0.01034
1.57879 0.0104
1.57879 0.01046
1.57879 0.01052
1.57879 0.01058
1.57879 0.01064
1.57879 0.01069
1.57879 0.01075
1.57879 0.01082
1.57879 0.01088
1.57879 0.01094
1.57879 0.011
1.57879 0.01106
1.57879 0.01112
1.57879 0.01118
1.57879 0.01125
1.57879 0.01131
1.57879 0.01137
1.56867 0.01144
1.56867 0.0115
1.56867 0.01156
1.56867 0.01163
1.56867 0.01169
1.56867 0.01176
1.56867 0.01183
1.56867 0.01189
1.56867 0.01196
1.56867 0.01203
1.56867 0.01209
1.56867 0.01216
1.56867 0.01223
1.56867 0.0123
1.56867 0.01237
1.56867 0.01244
1.56867 0.01251
1.56867 0.01258
1.56867 0.01265
1.56867 0.01272
1.56867 0.01279
1.56867 0.01286
1.55861 0.01293
1.55861 0.013
1.55861 0.01308
1.55861 0.01315
1.55861 0.01322
1.55861 0.0133
1.55861 0.01337
1.55861 0.01345
1.54862 0.01352
1.54862 0.0136
1.54862 0.01367
1.54862 0.01375
1.54862 0.01383
1.54862 0.01391
1.54862 0.01398
1.54862 0.01406
1.55861 0.01414
1.55861 0.01422
1.55861 0.0143
1.55861 0.01438
1.55861 0.01446
1.55861 0.01454
1.55861 0.01462
1.55861 0.0147
1.55861 0.01479
1.55861 0.01487
1.55861 0.01495
1.55861 0.01504
1.55861 0.01512
1.55861 0.01521
1.55861 0.01529
1.55861 0.01538
1.55861 0.01546
1.55861 0.01555
1.55861 0.01564
1.55861 0.01572
1.55861 0.01581
1.55861 0.0159
1.55861 0.01599
1.55861 0.01608
1.55861 0.01617
1.55861 0.01626
1.55861 0.01635
1.55861 0.01644
1.55861 0.01654
1.55861 0.01663
1.55861 0.01672
1.55861 0.01681
1.55861 0.01691
1.55861 0.017
1.55861 0.0171
1.55861 0.01719
1.55861 0.01729
1.55861 0.01739
1.55861 0.01749
1.55861 0.01758
1.55861 0.01768
1.55861 0.01778
1.55861 0.01788
1.55861 0.01798
1.55861 0.01808
1.55861 0.01818
1.55861 0.01828
1.55861 0.01839
1.55861 0.01849
1.55861 0.01859
1.55861 0.0187
1.55861 0.0188
1.55861 0.01891
1.55861 0.01901
1.55861 0.01912
1.55861 0.01923
1.55861 0.01933
1.55861 0.01944
1.55861 0.01955
1.55861 0.01966
1.55861 0.01977
1.55861 0.01988
1.55861 0.01999
1.55861 0.02011
1.55861 0.02022
1.55861 0.02033
1.55861 0.02045
1.55861 0.02056
1.55861 0.02068
1.55861 0.02079
1.55861 0.02091
1.55861 0.02102
1.55861 0.02114
1.55861 0.02126
1.55861 0.02138
1.55861 0.0215
1.55861 0.02162
1.55861 0.02174
1.55861 0.02186
1.55861 0.02199
1.55861 0.02211
1.55861 0.02223
1.55861 0.02236
1.55861 0.02248
1.55861 0.02261
1.55861 0.02274
1.55861 0.02286
1.55861 0.02299
1.55861 0.02312
1.55861 0.02325
1.55861 0.02338
1.55861 0.02351
1.55861 0.02364
1.55861 0.02377
1.55861 0.02391
1.55861 0.02404
1.55861 0.02418
1.55861 0.02431
1.55861 0.02445
1.55861 0.02458
1.55861 0.02472
1.56867 0.02486
1.56867 0.025
1.57879 0.025
1.57879 0.02514
1.57879 0.02528
1.57879 0.02542
1.57879 0.02557
1.57879 0.02571
1.57879 0.02585
1.57879 0.026
1.57879 0.02614
1.57879 0.02629
1.57879 0.02644
1.57879 0.02659
1.57879 0.02673
1.57879 0.02688
1.57879 0.02702
1.57879 0.02719
1.58897 0.02734
1.58897 0.02749
1.58897 0.02765
1.58897 0.0278
1.58897 0.02796
1.58897 0.02811
1.58897 0.02827
1.59923 0.02843
1.59923 0.02859
1.59923 0.02875
1.59923 0.02891
1.59923 0.02907
1.59923 0.02923
1.60955 0.0294
1.60955 0.02956
1.60955 0.02973
1.60955 0.0299
1.60955 0.03006
1.60955 0.03023
1.60955 0.0304
1.61993 0.03057
1.61993 0.03074
1.61993 0.03092
1.61993 0.03109
1.61993 0.03126
1.61993 0.03144
1.61993 0.03161
1.61993 0.03179
1.63039 0.03197
1.63039 0.03215
1.6409 0.03233
1.6409 0.03251
1.6409 0.03269
1.65149 0.03288
1.65149 0.03306
1.65149 0.03325
1.66215 0.03343
1.66215 0.03362
1.66215 0.03381
1.67288 0.034
1.67288 0.03419
1.67288 0.03438
1.68367 0.03457
1.68367 0.03477
1.68367 0.03496
1.69452 0.03516
1.69452 0.03536
1.69452 0.03555
1.69452 0.03575
1.70547 0.03595
1.70547 0.03615
1.70547 0.03636
1.71647 0.03656
1.71647 0.03677
1.71647 0.03697
1.71647 0.03718
1.72755 0.03739
1.72755 0.0376
1.72755 0.03781
1.72755 0.03802
1.7387 0.03823
1.7387 0.03845
1.7387 0.03866
1.7387 0.03888
1.7387 0.0391
1.7499 0.03932
1.7499 0.03954
1.7499 0.03976
1.7499 0.03998
1.76121 0.04021
1.76121 0.04043
1.76121 0.04066
1.76121 0.04089
1.76121 0.04112
1.77257 0.04135
1.784 0.04158
1.784 0.04181
1.784 0.04205
1.784 0.04228
1.784 0.04205
1.784 0.04181
1.79552 0.04158
1.79552 0.04135
1.79552 0.04112
1.79552 0.04089
1.8071 0.04066
1.8071 0.04043
1.8071 0.04021
1.8071 0.03998
1.81876 0.03976
1.81876 0.03954
1.81876 0.03932
1.81876 0.0391
1.8305 0.03888
1.8305 0.03867
1.8305 0.03845
1.84231 0.03824
1.84231 0.03803
1.84231 0.03781
1.84231 0.0376
1.84231 0.03739
1.84231 0.03719
1.84231 0.03698
1.84231 0.03677
1.8542 0.03657
1.8542 0.03636
1.8542 0.03616
1.8542 0.03596
1.86616 0.03576
1.86616 0.03556
1.86616 0.03536
1.86616 0.03517
1.87821 0.03497
1.87821 0.03478
1.87821 0.03458
1.87821 0.03439
1.89032 0.0342
1.89032 0.03401
1.89032 0.03382
1.90252 0.03363
1.90252 0.03344
1.90252 0.03326
1.90252 0.03307
1.9148 0.03289
1.9148 0.03271
1.9148 0.03252
1.9148 0.03234
1.92715 0.03216
1.92715 0.03198
1.92715 0.0318
1.92715 0.03163
1.92715 0.03145
1.93959 0.03128
1.93959 0.0311
1.93959 0.03093
1.93959 0.03076
1.93959 0.03059
1.93959 0.03042
1.93959 0.03025
1.93959 0.03008
1.93959 0.02991
1.93959 0.02974
1.93959 0.02958
1.93959 0.02941
1.93959 0.02925
1.9521 0.02909
1.9521 0.02892
1.9521 0.02876
1.9521 0.0286
1.9521 0.02844
1.9521 0.02828
1.9521 0.02813
1.9521 0.02797
1.9521 0.02781
1.9521 0.02766
1.9521 0.02751
1.9521 0.02735
1.9521 0.0272
1.9647 0.02705
1.9647 0.0269
1.9647 0.02675
1.9647 0.0266
1.9647 0.02645
1.9647 0.0263
1.9647 0.02616
1.9647 0.02601
1.9647 0.02587
1.9647 0.02572
1.9647 0.02558
1.97738 0.02544
1.97738 0.0253
1.97738 0.02515
1.97738 0.02501
1.97738 0.02488
1.97738 0.02474
1.97738 0.0246
1.97738 0.02446
1.97738 0.02433
1.97738 0.02419
1.99014 0.02406
1.99014 0.02392
1.99014 0.02379
1.99014 0.02366
1.99014 0.02352
1.99014 0.02339
1.99014 0.02326
1.99014 0.02313
1.99014 0.023
2.00298 0.02288
2.00298 0.02275
2.00298 0.02262
2.00298 0.0225
2.00298 0.02237
2.00298 0.02225
2.00298 0.02212
2.0159 0.022
2.0159 0.02188
2.0159 0.02176
2.0159 0.02163
2.0159 0.02151
2.0159 0.02139
2.0159 0.02127
2.0159 0.02116
2.0159 0.02104
2.0159 0.02092
2.0159 0.0208
2.0159 0.02069
2.00298 0.02057
2.00298 0.02046
2.00298 0.02034
2.00298 0.02023
2.00298 0.02012
2.00298 0.02001
2.00298 0.01989
2.00298 0.01978
2.00298 0.01967
2.00298 0.01956
2.00298 0.01945
2.00298 0.01935
2.00298 0.01924
2.00298 0.01913
2.00298 0.01902
2.00298 0.01892
2.00298 0.01881
2.00298 0.01871
2.00298 0.0186
2.00298 0.0185
2.00298 0.0184
2.00298 0.0183
2.00298 0.01819
2.00298 0.01809
2.00298 0.01799
2.00298 0.01789
2.00298 0.01779
2.00298 0.01769
2.00298 0.01759
1.99014 0.0175
1.99014 0.0174
1.99014 0.0173
1.99014 0.0172
1.99014 0.01711
1.99014 0.01701
1.99014 0.01692
1.99014 0.01682
1.99014 0.01673
1.99014 0.01664
1.99014 0.01654
1.99014 0.01645
1.99014 0.01636
1.99014 0.01627
1.99014 0.01618
1.99014 0.01609
1.99014 0.016
1.99014 0.01591
1.99014 0.01582
1.99014 0.01573
1.99014 0.01565
1.99014 0.01556
1.99014 0.01547
1.99014 0.01539
1.99014 0.0153
1.99014 0.01521
1.99014 0.01513
1.99014 0.01505
1.99014 0.01496
1.99014 0.01488
1.99014 0.0148
1.99014 0.01471
1.99014 0.01463
1.99014 0.01455
1.99014 0.01447
1.97738 0.01439
1.97738 0.01431
1.97738 0.01423
1.97738 0.01415
1.97738 0.01407
1.97738 0.01399
1.97738 0.01391
1.97738 0.01384
1.97738 0.01376
1.97738 0.01368
1.97738 0.01361
1.9647 0.01353
1.9647 0.01345
1.9647 0.01338
1.9647 0.01331
1.9647 0.01323
1.9647 0.01316
1.9647 0.01308
1.9647 0.01301
1.9647 0.01294
1.9647 0.01287
1.9647 0.0128
1.9521 0.01272
1.9521 0.01265
1.9521 0.01258
1.9521 0.01251
1.9521 0.01244
1.9521 0.01237
1.9521 0.0123
1.9521 0.01224
1.9521 0.01217
1.93959 0.0121
1.93959 0.01203
1.93959 0.01197
1.93959 0.0119
1.93959 0.01183
1.93959 0.01177
1.93959 0.0117
1.93959 0.01164
1.93959 0.01157
1.92715 0.01151
1.92715 0.01144
1.92715 0.01138
1.92715 0.01131
1.92715 0.01125
1.92715 0.01119
1.92715 0.01113
1.9148 0.01106
1.9148 0.011
1.9148 0.01094
1.9148 0.01088
1.9148 0.01082
1.9148 0.01076
1.9148 0.0107
1.9148 0.01064
1.9148 0.01058
1.90252 0.01052
1.90252 0.01046
1.90252 0.01041
1.90252 0.01035
1.90252 0.01029
1.90252 0.01023
1.90252 0.01018
1.89032 0.01012
1.89032 0.01006
1.89032 0.01001
1.89032 9.9501e-3
1.89032 9.89467e-3
1.89032 9.83955e-3
1.87821 9.78458e-3
1.87821 9.73007e-3
1.87821 9.67587e-3
1.87821 9.62196e-3
1.87821 9.56836e-3
1.87821 9.51506e-3
1.86616 9.4619e-3
1.86616 9.40919e-3
1.86616 9.35677e-3
1.86616 9.30465e-3
1.86616 9.25281e-3
1.86616 9.20126e-3
1.8542 9.14986e-3
1.8542 9.09889e-3
1.8542 9.0482e-3
1.8542 8.99779e-3
1.8542 8.94767e-3
1.84231 8.89768e-3
1.84231 8.84812e-3
1.84231 8.79882e-3
1.84231 8.74981e-3
1.84231 8.70106e-3
1.8305 8.65245e-3
1.8305 8.60425e-3
1.8305 8.55632e-3
1.8305 8.50865e-3
1.8305 8.46125e-3
1.8305 8.41411e-3
1.8305 8.36724e-3
1.8305 8.32063e-3
1.8305 8.27427e-3
