1.76121 3.78465e-3
1.76121 3.80585e-3
1.76121 3.82717e-3
1.76121 3.84861e-3
1.7499 3.87011e-3
1.7499 3.89179e-3
1.7387 3.91353e-3
1.7387 3.93545e-3
1.72755 3.95744e-3
1.72755 3.97961e-3
1.71647 4.00184e-3
1.71647 4.02426e-3
1.70547 4.04674e-3
1.70547 4.06941e-3
1.69452 4.09214e-3
1.69452 4.11507e-3
1.69452 4.13812e-3
1.68367 4.16124e-3
1.68367 4.18455e-3
1.67288 4.20793e-3
1.67288 4.2315e-3
1.67288 4.25521e-3
1.66215 4.27898e-3
1.66215 4.30295e-3
1.65149 4.32699e-3
1.65149 4.35123e-3
1.65149 4.3756e-3
1.6409 4.40005e-3
1.6409 4.4247e-3
1.6409 4.44948e-3
1.63039 4.47434e-3
1.63039 4.49941e-3
1.63039 4.52461e-3
1.63039 4.54996e-3
1.61993 4.57538e-3
1.61993 4.60101e-3
1.61993 4.62678e-3
1.60955 4.65263e-3
1.60955 4.6787e-3
1.60955 4.70491e-3
1.59923 4.73119e-3
1.59923 4.7577e-3
1.59923 4.78435e-3
1.59923 4.81115e-3
1.58897 4.83803e-3
1.58897 4.86513e-3
1.58897 4.89239e-3
1.58897 4.91979e-3
1.58897 4.94735e-3
1.58897 4.97507e-3
1.57879 5.00286e-3
1.57879 5.03089e-3
1.57879 5.05907e-3
1.57879 5.08741e-3
1.57879 5.11591e-3
1.57879 5.14457e-3
1.57879 5.17339e-3
1.57879 5.20238e-3
1.57879 5.23152e-3
1.57879 5.26083e-3
1.57879 5.2903e-3
1.57879 5.31994e-3
1.57879 5.34974e-3
1.57879 5.37971e-3
1.57879 5.40985e-3
1.57879 5.44015e-3
1.56867 5.47054e-3
1.56867 5.50119e-3
1.56867 5.53201e-3
1.56867 5.563e-3
1.56867 5.59416e-3
1.56867 5.6255e-3
1.56867 5.65702e-3
1.56867 5.68871e-3
1.56867 5.72058e-3
1.56867 5.75263e-3
1.56867 5.78485e-3
1.56867 5.81726e-3
1.56867 5.84985e-3
1.56867 5.88262e-3
1.56867 5.91558e-3
1.56867 5.94871e-3
1.56867 5.98204e-3
1.56867 6.01555e-3
1.56867 6.04925e-3
1.56867 6.08314e-3
1.55861 6.11712e-3
1.55861 6.15139e-3
1.55861 6.18585e-3
1.55861 6.22051e-3
1.55861 6.25535e-3
1.55861 6.2904e-3
1.55861 6.32564e-3
1.55861 6.36107e-3
1.55861 6.39671e-3
1.55861 6.43254e-3
1.55861 6.46858e-3
1.55861 6.50482e-3
1.55861 6.54126e-3
1.55861 6.5779e-3
1.55861 6.61475e-3
1.55861 6.65181e-3
1.55861 6.68907e-3
1.55861 6.72655e-3
1.55861 6.76423e-3
1.55861 6.80212e-3
1.55861 6.84023e-3
1.55861 6.87855e-3
1.55861 6.91708e-3
1.54862 6.95572e-3
1.54862 6.99469e-3
1.54862 7.03388e-3
1.54862 7.07328e-3
1.54862 7.11291e-3
1.54862 7.15275e-3
1.54862 7.19282e-3
1.54862 7.23312e-3
1.54862 7.27364e-3
1.54862 7.31439e-3
1.54862 7.35536e-3
1.54862 7.39657e-3
1.54862 7.438e-3
1.54862 7.47967e-3
1.54862 7.52158e-3
1.54862 7.56371e-3
1.54862 7.60608e-3
1.54862 7.64869e-3
1.54862 7.69154e-3
1.54862 7.73463e-3
1.54862 7.77796e-3
1.54862 7.82154e-3
1.54862 7.86535e-3
1.54862 7.90941e-3
1.54862 7.95372e-3
1.54862 7.99828e-3
1.54862 8.04309e-3
1.54862 8.08815e-3
1.54862 8.13346e-3
1.54862 8.17902e-3
1.54862 8.22484e-3
1.54862 8.27092e-3
1.54862 8.31725e-3
1.54862 8.36385e-3
1.54862 8.4107e-3
1.54862 8.45782e-3
1.54862 8.5052e-3
1.54862 8.55285e-3
1.54862 8.60076e-3
1.54862 8.64894e-3
1.54862 8.6974e-3
1.54862 8.74612e-3
1.54862 8.79512e-3
1.54862 8.84439e-3
1.54862 8.89394e-3
1.54862 8.94376e-3
1.54862 8.99386e-3
1.54862 9.04425e-3
1.54862 9.09491e-3
1.54862 9.14587e-3
1.53869 9.19696e-3
1.53869 9.24848e-3
1.53869 9.30029e-3
1.53869 9.35239e-3
1.53869 9.40479e-3
1.53869 9.45747e-3
1.53869 9.51045e-3
1.53869 9.56373e-3
1.53869 9.61731e-3
1.53869 9.67119e-3
1.53869 9.72537e-3
1.53869 9.77985e-3
1.53869 9.83464e-3
1.53869 9.88973e-3
1.53869 9.94513e-3
1.53869 0.01
1.53869 0.01006
1.53869 0.01011
1.53869 0.01017
1.53869 0.01023
1.53869 0.01028
1.53869 0.01034
1.53869 0.0104
1.53869 0.01046
1.53869 0.01052
1.53869 0.01058
1.53869 0.01063
1.53869 0.01069
1.53869 0.01075
1.53869 0.01081
1.53869 0.01088
1.53869 0.01094
1.53869 0.011
1.53869 0.01106
1.53869 0.01112
1.53869 0.01118
1.53869 0.01125
1.53869 0.01131
1.53869 0.01137
1.53869 0.01144
1.53869 0.0115
1.53869 0.01156
1.53869 0.01163
1.53869 0.01169
1.53869 0.01176
1.53869 0.01183
1.53869 0.01189
1.53869 0.01196
1.53869 0.01203
1.53869 0.01209
1.53869 0.01216
1.53869 0.01223
1.53869 0.0123
1.53869 0.01237
1.53869 0.01244
1.53869 0.0125
1.53869 0.01258
1.53869 0.01265
1.53869 0.01272
1.53869 0.01279
1.53869 0.01286
1.53869 0.01293
1.53869 0.013
1.53869 0.01308
1.53869 0.01315
1.53869 0.01322
1.53869 0.0133
1.53869 0.01337
1.53869 0.01345
1.53869 0.01352
1.53869 0.0136
1.53869 0.01367
1.53869 0.01375
1.53869 0.01383
1.53869 0.01391
1.53869 0.01398
1.53869 0.01406
1.53869 0.01414
1.53869 0.01422
1.53869 0.0143
1.53869 0.01438
1.53869 0.01446
1.52882 0.01454
1.52882 0.01462
1.52882 0.0147
1.52882 0.01479
1.52882 0.01487
1.52882 0.01495
1.52882 0.01504
1.52882 0.01512
1.52882 0.01521
1.52882 0.01529
1.52882 0.01538
1.52882 0.01546
1.52882 0.01555
1.52882 0.01564
1.52882 0.01572
1.52882 0.01581
1.52882 0.0159
1.52882 0.01599
1.52882 0.01608
1.52882 0.01617
1.52882 0.01626
1.52882 0.01635
1.52882 0.01644
1.52882 0.01653
1.52882 0.01663
1.52882 0.01672
1.52882 0.01681
1.52882 0.01691
1.53869 0.017
1.53869 0.0171
1.53869 0.01719
1.53869 0.01729
1.53869 0.01739
1.53869 0.01748
1.53869 0.01758
1.53869 0.01768
1.53869 0.01778
1.53869 0.01788
1.53869 0.01798
1.53869 0.01808
1.54862 0.01818
1.54862 0.01828
1.54862 0.01839
1.54862 0.01849
1.54862 0.01859
1.54862 0.0187
1.54862 0.0188
1.54862 0.01891
1.54862 0.01901
1.54862 0.01912
1.54862 0.01923
1.54862 0.01933
1.55861 0.01944
1.55861 0.01955
1.55861 0.01966
1.55861 0.01977
1.55861 0.01988
1.55861 0.01999
1.55861 0.02011
1.55861 0.02022
1.55861 0.02033
1.55861 0.02045
1.55861 0.02056
1.55861 0.02068
1.55861 0.02079
1.55861 0.02091
1.55861 0.02102
1.55861 0.02114
1.55861 0.02126
1.55861 0.02138
1.55861 0.0215
1.55861 0.02162
1.55861 0.02174
1.55861 0.02186
1.55861 0.02199
1.55861 0.02211
1.55861 0.02223
1.55861 0.02236
1.55861 0.02248
1.55861 0.02261
1.55861 0.02274
1.56867 0.02286
1.56867 0.02299
1.56867 0.02312
1.56867 0.02325
1.56867 0.02338
1.56867 0.02351
1.56867 0.02364
1.56867 0.02377
1.56867 0.02391
1.56867 0.02404
1.56867 0.02418
1.56867 0.02431
1.56867 0.02445
1.56867 0.02459
1.56867 0.02472
1.56867 0.02486
1.56867 0.025
1.56867 0.02514
1.56867 0.02528
1.56867 0.02542
1.56867 0.02557
1.56867 0.02571
1.56867 0.02585
1.56867 0.026
1.56867 0.02614
1.56867 0.02629
1.57879 0.02644
1.57879 0.02659
1.57879 0.02673
1.57879 0.02688
1.57879 0.02702
1.57879 0.02719
1.57879 0.02734
1.57879 0.02749
1.58897 0.02765
1.58897 0.0278
1.58897 0.02796
1.58897 0.02811
1.58897 0.02827
1.58897 0.02843
1.58897 0.02859
1.59923 0.02875
1.59923 0.02891
1.59923 0.02907
1.59923 0.02923
1.59923 0.0294
1.59923 0.02956
1.59923 0.02973
1.59923 0.0299
1.60955 0.03006
1.60955 0.03023
1.60955 0.0304
1.60955 0.03057
1.60955 0.03074
1.60955 0.03092
1.60955 0.03109
1.61993 0.03126
1.61993 0.03144
1.61993 0.03161
1.61993 0.03179
1.61993 0.03197
1.61993 0.03215
1.63039 0.03233
1.63039 0.03251
1.63039 0.03269
1.63039 0.03288
1.6409 0.03306
1.6409 0.03325
1.6409 0.03343
1.6409 0.03362
1.65149 0.03381
1.65149 0.034
1.65149 0.03419
1.65149 0.03438
1.66215 0.03457
1.66215 0.03477
1.66215 0.03496
1.67288 0.03516
1.67288 0.03535
1.67288 0.03555
1.67288 0.03575
1.68367 0.03595
1.68367 0.03615
1.68367 0.03636
1.68367 0.03656
1.69452 0.03677
1.69452 0.03697
1.69452 0.03718
1.69452 0.03739
1.70547 0.0376
1.70547 0.03781
1.70547 0.03802
1.70547 0.03823
1.70547 0.03845
1.71647 0.03866
1.71647 0.03888
1.71647 0.0391
1.71647 0.03932
1.72755 0.03954
1.72755 0.03976
1.72755 0.03998
1.72755 0.0402
1.7387 0.04043
1.7387 0.04066
1.7387 0.04088
1.7387 0.04111
1.7499 0.04134
1.7499 0.04158
1.7499 0.04181
1.76121 0.04204
1.76121 0.04228
1.76121 0.04252
1.76121 0.04228
1.77257 0.04204
1.77257 0.04181
1.77257 0.04158
1.77257 0.04135
1.784 0.04112
1.784 0.04089
1.784 0.04066
1.784 0.04043
1.79552 0.04021
1.79552 0.03998
1.79552 0.03976
1.79552 0.03954
1.8071 0.03932
1.8071 0.0391
1.8071 0.03888
1.81876 0.03867
1.81876 0.03845
1.81876 0.03824
1.8305 0.03803
1.8305 0.03781
1.8305 0.0376
1.8305 0.03739
1.84231 0.03719
1.84231 0.03698
1.84231 0.03677
1.8542 0.03657
1.8542 0.03636
1.8542 0.03616
1.8542 0.03596
1.86616 0.03576
1.86616 0.03556
1.87821 0.03536
1.87821 0.03517
1.87821 0.03497
1.89032 0.03478
1.89032 0.03458
1.89032 0.03439
1.90252 0.0342
1.90252 0.03401
1.90252 0.03382
1.90252 0.03363
1.9148 0.03344
1.9148 0.03326
1.9148 0.03307
1.92715 0.03289
1.92715 0.03271
1.92715 0.03252
1.93959 0.03234
1.93959 0.03216
1.93959 0.03198
1.9521 0.03181
1.9521 0.03163
1.9521 0.03145
1.9521 0.03128
1.9521 0.0311
1.9521 0.03093
1.9521 0.03076
1.9521 0.03059
1.9521 0.03042
1.9521 0.03025
1.9521 0.03008
1.9521 0.02991
1.9521 0.02974
1.9521 0.02958
1.9521 0.02941
1.9521 0.02925
1.9521 0.02909
1.9521 0.02892
1.9521 0.02876
1.9521 0.0286
1.9647 0.02844
1.9647 0.02829
1.9647 0.02813
1.9647 0.02797
1.9647 0.02782
1.9647 0.02766
1.9647 0.02751
1.9647 0.02735
1.9647 0.0272
1.9647 0.02705
1.9647 0.0269
1.9647 0.02675
1.9647 0.0266
1.9647 0.02645
1.9647 0.0263
1.9647 0.02616
1.9647 0.02601
1.9647 0.02587
1.9647 0.02572
1.9647 0.02558
1.97738 0.02544
1.97738 0.0253
1.97738 0.02515
1.97738 0.02501
1.99014 0.02488
1.99014 0.02474
1.99014 0.0246
1.99014 0.02446
2.00298 0.02433
2.00298 0.02419
2.00298 0.02406
2.00298 0.02392
2.0159 0.02379
2.0159 0.02366
2.0159 0.02352
2.02891 0.02339
2.02891 0.02326
2.02891 0.02313
2.02891 0.02301
2.042 0.02288
2.042 0.02275
2.042 0.02262
2.042 0.0225
2.05518 0.02237
2.05518 0.02225
2.05518 0.02212
2.042 0.022
2.042 0.02188
2.042 0.02176
2.042 0.02163
2.042 0.02151
2.042 0.02139
2.042 0.02127
2.042 0.02116
2.042 0.02104
2.042 0.02092
2.042 0.0208
2.042 0.02069
2.042 0.02057
2.042 0.02046
2.042 0.02035
2.042 0.02023
2.042 0.02012
2.042 0.02001
2.042 0.0199
2.042 0.01978
2.05518 0.01967
2.05518 0.01957
2.05518 0.01946
2.05518 0.01935
2.05518 0.01924
2.05518 0.01913
2.05518 0.01903
2.05518 0.01892
2.05518 0.01881
2.05518 0.01871
2.05518 0.01861
2.05518 0.0185
2.05518 0.0184
2.05518 0.0183
2.05518 0.01819
2.05518 0.01809
2.05518 0.01799
2.05518 0.01789
2.05518 0.01779
2.05518 0.01769
2.06844 0.0176
2.06844 0.0175
2.06844 0.0174
2.06844 0.0173
2.06844 0.01721
2.06844 0.01711
2.06844 0.01702
2.06844 0.01692
2.06844 0.01683
2.06844 0.01673
2.06844 0.01664
2.06844 0.01655
2.06844 0.01645
2.06844 0.01636
2.06844 0.01627
2.06844 0.01618
2.06844 0.01609
2.08178 0.016
2.08178 0.01591
2.08178 0.01582
2.08178 0.01574
2.08178 0.01565
2.08178 0.01556
2.08178 0.01547
2.08178 0.01539
2.08178 0.0153
2.08178 0.01522
2.08178 0.01513
2.08178 0.01505
2.08178 0.01496
2.08178 0.01488
2.09522 0.0148
2.09522 0.01472
2.09522 0.01463
2.09522 0.01455
2.09522 0.01447
2.09522 0.01439
2.09522 0.01431
2.09522 0.01423
2.09522 0.01415
2.09522 0.01407
2.09522 0.01399
2.09522 0.01392
2.09522 0.01384
2.09522 0.01376
2.09522 0.01368
2.09522 0.01361
2.09522 0.01353
2.09522 0.01346
2.09522 0.01338
2.09522 0.01331
2.09522 0.01323
2.09522 0.01316
2.09522 0.01309
2.09522 0.01301
2.09522 0.01294
2.09522 0.01287
2.09522 0.0128
2.09522 0.01273
2.09522 0.01265
2.09522 0.01258
2.09522 0.01251
2.08178 0.01244
2.08178 0.01238
2.08178 0.01231
2.08178 0.01224
2.08178 0.01217
2.08178 0.0121
2.08178 0.01203
2.08178 0.01197
2.08178 0.0119
2.08178 0.01183
2.08178 0.01177
2.08178 0.0117
2.08178 0.01164
2.08178 0.01157
2.08178 0.01151
2.08178 0.01144
2.08178 0.01138
2.06844 0.01132
2.06844 0.01125
2.06844 0.01119
2.06844 0.01113
2.06844 0.01107
2.06844 0.01101
2.06844 0.01094
2.06844 0.01088
2.06844 0.01082
2.06844 0.01076
2.06844 0.0107
2.06844 0.01064
2.06844 0.01058
2.05518 0.01052
2.05518 0.01047
2.05518 0.01041
2.05518 0.01035
2.05518 0.01029
2.05518 0.01023
2.05518 0.01018
2.05518 0.01012
2.05518 0.01006
2.05518 0.01001
2.05518 9.95212e-3
2.05518 9.89668e-3
2.05518 9.84154e-3
2.05518 9.78672e-3
2.05518 9.7322e-3
2.05518 9.67798e-3
2.042 9.62391e-3
2.042 9.5703e-3
2.042 9.51699e-3
2.042 9.46397e-3
2.042 9.41125e-3
2.042 9.35882e-3
2.042 9.30668e-3
2.042 9.25483e-3
2.042 9.20327e-3
2.02891 9.15186e-3
2.02891 9.10088e-3
2.02891 9.05018e-3
2.02891 8.99976e-3
2.02891 8.94962e-3
2.02891 8.89977e-3
2.02891 8.85019e-3
2.02891 8.80088e-3
2.02891 8.75185e-3
2.02891 8.7031e-3
2.0159 8.65448e-3
2.0159 8.60627e-3
2.0159 8.55832e-3
2.0159 8.51064e-3
2.0159 8.46323e-3
2.0159 8.41608e-3
2.0159 8.3692e-3
2.0159 8.32258e-3
2.0159 8.27621e-3
2.00298 8.22998e-3
2.00298 8.18413e-3
2.00298 8.13854e-3
2.00298 8.0932e-3
2.00298 8.04811e-3
2.00298 8.00328e-3
2.00298 7.95869e-3
2.00298 7.91435e-3
1.99014 7.87014e-3
1.99014 7.8263e-3
1.99014 7.7827e-3
1.99014 7.73934e-3
1.99014 7.69623e-3
1.99014 7.65335e-3
1.99014 7.61071e-3
1.99014 7.56832e-3
1.99014 7.52615e-3
1.99014 7.48423e-3
1.99014 7.44253e-3
1.99014 7.40107e-3
1.99014 7.35984e-3
1.97738 7.31873e-3
1.97738 7.27795e-3
1.97738 7.23741e-3
1.97738 7.19709e-3
1.97738 7.157e-3
1.97738 7.11713e-3
1.97738 7.07748e-3
1.97738 7.03805e-3
1.97738 6.99884e-3
1.97738 6.95985e-3
1.97738 6.92108e-3
1.97738 6.88252e-3
1.9647 6.84407e-3
1.9647 6.80595e-3
1.9647 6.76803e-3
1.9647 6.73033e-3
1.9647 6.69283e-3
1.9647 6.65555e-3
1.9647 6.61847e-3
1.9647 6.5816e-3
1.9647 6.54493e-3
1.9647 6.50847e-3
1.9647 6.47221e-3
1.9647 6.43616e-3
1.9521 6.4002e-3
1.9521 6.36455e-3
1.9521 6.32909e-3
1.9521 6.29383e-3
1.9521 6.25877e-3
1.9521 6.2239e-3
1.9521 6.18923e-3
1.9521 6.15475e-3
1.9521 6.12047e-3
1.9521 6.08637e-3
1.93959 6.05237e-3
1.93959 6.01865e-3
1.93959 5.98512e-3
1.93959 5.95178e-3
1.93959 5.91862e-3
1.93959 5.88565e-3
1.93959 5.85286e-3
1.93959 5.82026e-3
1.93959 5.78783e-3
1.93959 5.75559e-3
1.93959 5.72353e-3
1.92715 5.69155e-3
1.92715 5.65984e-3
1.92715 5.62831e-3
1.92715 5.59696e-3
1.92715 5.56578e-3
1.92715 5.53477e-3
1.92715 5.50394e-3
1.9148 5.47319e-3
1.9148 5.4427e-3
1.9148 5.41238e-3
1.9148 5.38223e-3
1.9148 5.35224e-3
1.9148 5.32243e-3
1.9148 5.29278e-3
1.9148 5.26329e-3
1.9148 5.23397e-3
1.90252 5.20473e-3
1.90252 5.17574e-3
1.90252 5.1469e-3
1.90252 5.11823e-3
1.90252 5.08972e-3
1.90252 5.06136e-3
1.90252 5.03317e-3
1.89032 5.00505e-3
1.89032 4.97717e-3
1.89032 4.94944e-3
1.89032 4.92187e-3
1.89032 4.89445e-3
1.89032 4.86718e-3
1.89032 4.84007e-3
1.87821 4.81303e-3
1.87821 4.78622e-3
1.87821 4.75955e-3
1.87821 4.73304e-3
1.87821 4.70667e-3
1.87821 4.68045e-3
1.87821 4.65437e-3
1.86616 4.62837e-3
1.86616 4.60259e-3
1.86616 4.57695e-3
1.86616 4.55145e-3
1.86616 4.5261e-3
1.8542 4.50081e-3
1.8542 4.47574e-3
1.8542 4.4508e-3
1.8542 4.42601e-3
1.8542 4.40135e-3
1.8542 4.37683e-3
1.84231 4.35238e-3
1.84231 4.32813e-3
1.84231 4.30402e-3
1.84231 4.28005e-3
1.84231 4.2562e-3
1.8305 4.23243e-3
1.8305 4.20885e-3
1.8305 4.1854e-3
1.8305 4.16208e-3
1.8305 4.1389e-3
1.8305 4.11584e-3
1.81876 4.09285e-3
1.81876 4.07005e-3
1.81876 4.04737e-3
1.81876 4.02483e-3
1.8071 4.00234e-3
1.8071 3.98004e-3
1.8071 3.95787e-3
1.8071 3.93582e-3
1.79552 3.91384e-3
1.79552 3.89203e-3
1.79552 3.87035e-3
1.79552 3.84879e-3
1.79552 3.82735e-3
1.79552 3.80603e-3
1.79552 3.78482e-3
