1.495e-2 22.871
1.494e-2 18.616
1.493e-2 15.995
1.49e-2 11.186
1.476e-2 10.146
1.532e-2 9.511
1.461e-2 7.907
1.501e-2 6.579
1.501e-2 5.903
1.458e-2 5.016
1.471e-2 4.218
1.498e-2 3.625
1.554e-2 3.15
1.51e-2 2.734
1.44e-2 2.401
1.386e-2 2.062
1.334e-2 1.79
1.359e-2 1.488
1.436e-2 1.309
1.548e-2 1.15
1.683e-2 1.044
1.831e-2 0.937
1.991e-2 0.833
2.125e-2 0.732
2.289e-2 0.643
2.467e-2 0.584
2.683e-2 0.513
2.973e-2 0.466
3.234e-2 0.427
3.55e-2 0.392
3.898e-2 0.359
4.321e-2 0.338
4.7e-2 0.317
5.259e-2 0.3
5.884e-2 0.285
6.46e-2 0.261
7.094e-2 0.248
8.24e-2 0.232
9.306e-2 0.216
0.105 0.202
0.119 0.19
0.137 0.18
0.153 0.173
0.171 0.164
0.195 0.155
0.224 0.149
0.256 0.143
0.284 0.137
0.314 0.133
0.315 0.233
0.282 0.246
0.252 0.262
0.227 0.276
0.205 0.298
0.183 0.314
0.168 0.338
0.153 0.369
0.142 0.402
0.137 0.447
0.137 0.504
0.142 0.568
0.154 0.62
0.164 0.676
0.174 0.738
0.182 0.797
0.193 0.879
0.195 0.979
0.186 1.103
0.172 1.242
0.16 1.383
0.153 1.557
0.15 1.734
0.153 1.955
0.162 2.18
0.171 2.457
0.175 2.769
0.178 3.12
0.175 3.476
0.172 3.873
0.167 4.223
0.17 4.706
0.17 5.419
0.173 23.152
