0.89643 7.18329e-3
0.89643 7.22353e-3
0.89643 7.264e-3
0.89068 7.30458e-3
0.89068 7.3455e-3
0.89068 7.38665e-3
0.89068 7.42803e-3
0.89068 7.46964e-3
0.88497 7.51137e-3
0.88497 7.55345e-3
0.88497 7.59577e-3
0.88497 7.63832e-3
0.88497 7.68111e-3
0.88497 7.72414e-3
0.88497 7.76741e-3
0.88497 7.81092e-3
0.88497 7.85468e-3
0.87929 7.89856e-3
0.87929 7.94281e-3
0.87929 7.98731e-3
0.87929 8.03205e-3
0.87929 8.07705e-3
0.87929 8.1223e-3
0.87929 8.1678e-3
0.87929 8.21356e-3
0.87929 8.25957e-3
0.87929 8.30584e-3
0.87929 8.35237e-3
0.87929 8.39916e-3
0.87366 8.44608e-3
0.87366 8.4934e-3
0.87366 8.54098e-3
0.87366 8.58883e-3
0.87366 8.63694e-3
0.87366 8.68533e-3
0.87366 8.73398e-3
0.87366 8.78291e-3
0.87366 8.83211e-3
0.87366 8.88159e-3
0.87366 8.93135e-3
0.87366 8.98138e-3
0.87366 9.0317e-3
0.87366 9.08229e-3
0.87366 9.13317e-3
0.87366 9.18434e-3
0.86806 9.23564e-3
0.86806 9.28738e-3
0.86806 9.33941e-3
0.86806 9.39173e-3
0.86806 9.44435e-3
0.86806 9.49725e-3
0.86806 9.55046e-3
0.86806 9.60396e-3
0.86806 9.65776e-3
0.86806 9.71187e-3
0.86806 9.76627e-3
0.86806 9.82099e-3
0.86806 9.876e-3
0.86806 9.93133e-3
0.86806 9.98697e-3
0.86806 0.01004
0.86806 0.0101
0.86806 0.01016
0.86806 0.01021
0.86806 0.01027
0.86806 0.01033
0.86806 0.01039
0.86806 0.01044
0.86249 0.0105
0.86249 0.01056
0.86249 0.01062
0.86249 0.01068
0.86249 0.01074
0.86249 0.0108
0.86249 0.01086
0.86249 0.01092
0.86249 0.01098
0.86249 0.01104
0.86249 0.01111
0.86249 0.01117
0.86249 0.01123
0.86249 0.01129
0.86249 0.01136
0.86249 0.01142
0.86249 0.01148
0.86249 0.01155
0.86249 0.01161
0.86249 0.01168
0.86249 0.01174
0.86249 0.01181
0.86249 0.01188
0.86249 0.01194
0.86249 0.01201
0.86249 0.01208
0.86249 0.01214
0.85696 0.01221
0.85696 0.01228
0.85696 0.01235
0.85696 0.01242
0.85696 0.01249
0.85696 0.01256
0.85696 0.01263
0.85696 0.0127
0.85696 0.01277
0.85696 0.01284
0.85696 0.01291
0.85696 0.01299
0.85696 0.01306
0.85696 0.01313
0.85696 0.0132
0.85696 0.01328
0.85696 0.01335
0.85696 0.01343
0.85696 0.0135
0.85696 0.01358
0.85696 0.01365
0.85696 0.01373
0.85696 0.01381
0.85696 0.01389
0.85696 0.01396
0.85696 0.01404
0.85696 0.01412
0.85696 0.0142
0.85696 0.01428
0.85696 0.01436
0.85696 0.01444
0.85696 0.01452
0.85696 0.0146
0.85696 0.01468
0.85696 0.01477
0.85696 0.01485
0.85696 0.01493
0.85696 0.01502
0.85696 0.0151
0.85696 0.01518
0.85696 0.01527
0.86249 0.01535
0.86249 0.01544
0.86249 0.01553
0.86249 0.01561
0.86249 0.0157
0.86249 0.01579
0.86249 0.01588
0.86249 0.01597
0.86249 0.01606
0.86249 0.01615
0.86249 0.01624
0.86249 0.01633
0.86249 0.01642
0.86249 0.01651
0.86249 0.0166
0.86806 0.0167
0.86806 0.01679
0.86806 0.01688
0.86806 0.01698
0.86806 0.01707
0.86806 0.01717
0.86806 0.01727
0.86806 0.01736
0.86806 0.01746
0.86806 0.01756
0.86806 0.01766
0.86806 0.01776
0.86806 0.01785
0.87366 0.01796
0.87366 0.01806
0.87366 0.01816
0.87366 0.01826
0.87366 0.01836
0.87366 0.01846
0.87366 0.01857
0.87366 0.01867
0.87366 0.01878
0.87366 0.01888
0.87366 0.01899
0.87366 0.01909
0.87366 0.0192
0.87366 0.01931
0.87366 0.01942
0.87366 0.01952
0.87366 0.01963
0.87366 0.01974
0.87366 0.01985
0.87366 0.01997
0.87366 0.02008
0.87366 0.02019
0.87366 0.0203
0.87366 0.02042
0.87366 0.02053
0.87366 0.02065
0.87366 0.02076
0.87366 0.02088
0.87366 0.021
0.87366 0.02111
0.87929 0.02123
0.87929 0.02135
0.87929 0.02147
0.87929 0.02159
0.87929 0.02171
0.87929 0.02183
0.87929 0.02196
0.87929 0.02208
0.87929 0.0222
0.87929 0.02233
0.87929 0.02245
0.87929 0.02258
0.88497 0.0227
0.88497 0.02283
0.88497 0.02296
0.88497 0.02309
0.88497 0.02322
0.88497 0.02335
0.89068 0.02348
0.89068 0.02361
0.89643 0.02361
0.89643 0.02374
0.89643 0.02388
0.89068 0.02401
0.89068 0.02388
0.89068 0.02374
0.89643 0.02361
0.90221 0.02361
0.90803 0.02348
0.90221 0.02348
0.90803 0.02335
0.91388 0.02322
0.91978 0.02309
0.91978 0.02296
0.92572 0.02283
0.93169 0.02271
0.93771 0.02258
0.93771 0.02245
0.93771 0.02233
0.94376 0.02221
0.94985 0.02208
0.95598 0.02196
0.95598 0.02184
0.95598 0.02172
0.95598 0.02159
0.96214 0.02147
0.96214 0.02136
0.96214 0.02124
0.96214 0.02112
0.96214 0.021
0.96214 0.02088
0.96835 0.02077
0.96835 0.02065
0.96835 0.02054
0.96835 0.02042
0.96835 0.02031
0.9746 0.0202
0.9746 0.02008
0.9746 0.01997
0.9746 0.01986
0.9746 0.01975
0.98089 0.01964
0.98089 0.01953
0.98089 0.01942
0.98089 0.01931
0.98722 0.01921
0.98722 0.0191
0.98722 0.01899
0.98722 0.01889
0.98722 0.01878
0.99359 0.01868
0.99359 0.01857
0.99359 0.01847
1.0 0.01837
1.0 0.01826
1.0 0.01816
1.0 0.01806
1.0 0.01796
1.0 0.01786
1.0 0.01776
1.0 0.01766
1.0 0.01756
1.0 0.01747
1.0 0.01737
1.0 0.01727
1.0 0.01718
1.0 0.01708
1.0 0.01699
1.0 0.01689
1.0 0.0168
1.0 0.0167
1.0 0.01661
1.0 0.01652
1.0 0.01643
1.00645 0.01633
1.00645 0.01624
1.00645 0.01615
1.00645 0.01606
1.00645 0.01597
1.01295 0.01588
1.01295 0.0158
1.01295 0.01571
1.01295 0.01562
1.01295 0.01553
1.01295 0.01545
1.01295 0.01536
1.01295 0.01528
1.01295 0.01519
1.01295 0.01511
1.01295 0.01502
1.01948 0.01494
1.01948 0.01485
1.01948 0.01477
1.01948 0.01469
1.01948 0.01461
1.01948 0.01453
1.01948 0.01445
1.01948 0.01436
1.01948 0.01428
1.01948 0.01421
1.01948 0.01413
1.01948 0.01405
1.01948 0.01397
1.01948 0.01389
1.01948 0.01381
1.01948 0.01374
1.01948 0.01366
1.01948 0.01358
1.01948 0.01351
1.01948 0.01343
1.01948 0.01336
1.01948 0.01328
1.01948 0.01321
1.01948 0.01314
1.01948 0.01306
1.01948 0.01299
1.01948 0.01292
1.01948 0.01285
1.01948 0.01277
1.01948 0.0127
1.01948 0.01263
1.01948 0.01256
1.01948 0.01249
1.01948 0.01242
1.01948 0.01235
1.01948 0.01228
1.01948 0.01222
1.01948 0.01215
1.01948 0.01208
1.01948 0.01201
1.01948 0.01195
1.01948 0.01188
1.01948 0.01181
1.01948 0.01175
1.01948 0.01168
1.01948 0.01162
1.01948 0.01155
1.01948 0.01149
1.01948 0.01142
1.01948 0.01136
1.01948 0.0113
1.01948 0.01123
1.01295 0.01117
1.01295 0.01111
1.01295 0.01105
1.01295 0.01099
1.01295 0.01092
1.01295 0.01086
1.01295 0.0108
1.01295 0.01074
1.01295 0.01068
1.01295 0.01062
1.01295 0.01056
1.01295 0.01051
1.01295 0.01045
1.01295 0.01039
1.01295 0.01033
1.01295 0.01027
1.01295 0.01022
1.01295 0.01016
1.01295 0.0101
1.01295 0.01005
1.01295 9.99071e-3
1.01295 9.93505e-3
1.01295 9.8797e-3
1.01295 9.82467e-3
1.01295 9.76993e-3
1.00645 9.71535e-3
1.00645 9.66123e-3
1.00645 9.60741e-3
1.00645 9.55389e-3
1.00645 9.50066e-3
1.00645 9.44774e-3
1.00645 9.3951e-3
1.00645 9.34277e-3
1.00645 9.29072e-3
1.00645 9.23896e-3
1.00645 9.18749e-3
1.00645 9.13631e-3
1.00645 9.08541e-3
1.00645 9.0348e-3
1.00645 8.98447e-3
1.00645 8.93441e-3
1.00645 8.88464e-3
1.00645 8.83515e-3
1.00645 8.78593e-3
1.0 8.73684e-3
1.0 8.68817e-3
1.0 8.63977e-3
1.0 8.59164e-3
1.0 8.54378e-3
1.0 8.49618e-3
1.0 8.44885e-3
1.0 8.40178e-3
1.0 8.35498e-3
0.99359 8.3083e-3
0.99359 8.26202e-3
0.98722 8.21586e-3
0.98722 8.17009e-3
0.98089 8.12445e-3
0.98089 8.07919e-3
0.9746 8.03406e-3
0.9746 7.9893e-3
0.96835 7.94467e-3
0.96835 7.90041e-3
0.96214 7.85627e-3
0.96214 7.81251e-3
0.96214 7.76899e-3
0.95598 7.72559e-3
0.95598 7.68255e-3
