0.39862 2.29367e-3
0.39606 2.30648e-3
0.39352 2.30644e-3
0.391 2.30641e-3
0.3885 2.31929e-3
0.386 2.31926e-3
0.38353 2.31922e-3
0.38107 2.31918e-3
0.37863 2.33214e-3
0.37619 2.3321e-3
0.37379 2.33207e-3
0.37138 2.33203e-3
0.36901 2.34506e-3
0.36665 2.34502e-3
0.36429 2.34499e-3
0.36196 2.34495e-3
0.35964 2.35805e-3
0.35733 2.35801e-3
0.35504 2.35798e-3
0.35277 2.37115e-3
0.3505 2.38439e-3
0.3505 2.39775e-3
0.34826 2.41115e-3
0.34602 2.42462e-3
0.34381 2.43816e-3
0.3416 2.45178e-3
0.33941 2.46548e-3
0.33941 2.47929e-3
0.33724 2.49314e-3
0.33507 2.50707e-3
0.33292 2.52107e-3
0.33079 2.53516e-3
0.33079 2.54936e-3
0.32867 2.5636e-3
0.32867 2.57796e-3
0.32656 2.59237e-3
0.32447 2.60685e-3
0.32239 2.62141e-3
0.32239 2.6361e-3
0.32032 2.65082e-3
0.31827 2.66563e-3
0.31623 2.68052e-3
0.31623 2.69554e-3
0.3142 2.7106e-3
0.3142 2.72578e-3
0.31219 2.74101e-3
0.31018 2.75632e-3
0.31018 2.77176e-3
0.3082 2.78725e-3
0.3082 2.80286e-3
0.30622 2.81852e-3
0.30622 2.83431e-3
0.30426 2.85014e-3
0.30426 2.86611e-3
0.30231 2.88212e-3
0.30231 2.89827e-3
0.30037 2.91446e-3
0.30037 2.93078e-3
0.29844 2.94716e-3
0.29844 2.96367e-3
0.29653 2.98022e-3
0.29653 2.99692e-3
0.29463 3.01366e-3
0.29463 3.03054e-3
0.29274 3.04747e-3
0.29274 3.06455e-3
0.29086 3.08167e-3
0.29086 3.09893e-3
0.289 3.11624e-3
0.289 3.1337e-3
0.28714 3.1512e-3
0.28714 3.16886e-3
0.28529 3.18656e-3
0.28529 3.20441e-3
0.28346 3.22231e-3
0.28346 3.24036e-3
0.28166 3.25847e-3
0.28166 3.27672e-3
0.28166 3.29508e-3
0.27985 3.31349e-3
0.27985 3.33205e-3
0.27806 3.35066e-3
0.27806 3.36943e-3
0.27806 3.38831e-3
0.27627 3.40724e-3
0.27627 3.42632e-3
0.2745 3.44547e-3
0.2745 3.46477e-3
0.2745 3.48418e-3
0.27274 3.50364e-3
0.27274 3.52327e-3
0.27099 3.54295e-3
0.27099 3.5628e-3
0.26926 3.5827e-3
0.26926 3.60277e-3
0.26753 3.6229e-3
0.26753 3.6432e-3
0.26582 3.66355e-3
0.26411 3.68401e-3
0.26411 3.70465e-3
0.26242 3.72535e-3
0.26242 3.74622e-3
0.26074 3.76715e-3
0.26074 3.78825e-3
0.25906 3.80941e-3
0.25906 3.83075e-3
0.2574 3.85215e-3
0.2574 3.87373e-3
0.25575 3.89537e-3
0.25575 3.9172e-3
0.25575 3.93914e-3
0.25411 3.96115e-3
0.25411 3.98334e-3
0.25248 4.00559e-3
0.25248 4.02803e-3
0.25248 4.05059e-3
0.25087 4.07322e-3
0.25087 4.09604e-3
0.25087 4.11899e-3
0.24926 4.142e-3
0.24926 4.1652e-3
0.24926 4.18854e-3
0.24926 4.212e-3
0.24766 4.23553e-3
0.24766 4.25926e-3
0.24766 4.28312e-3
0.24766 4.30711e-3
0.24607 4.33118e-3
0.24607 4.35544e-3
0.24607 4.37984e-3
0.24607 4.40437e-3
0.24449 4.42898e-3
0.24449 4.45379e-3
0.24449 4.47874e-3
0.24449 4.50383e-3
0.24293 4.52899e-3
0.24293 4.55436e-3
0.24293 4.57988e-3
0.24293 4.60554e-3
0.24293 4.63134e-3
0.24137 4.65721e-3
0.24137 4.6833e-3
0.24137 4.70953e-3
0.24137 4.73592e-3
0.24137 4.76245e-3
0.24137 4.78913e-3
0.23982 4.81588e-3
0.23982 4.84286e-3
0.23982 4.86999e-3
0.23982 4.89727e-3
0.23982 4.92471e-3
0.23982 4.9523e-3
0.23828 4.97996e-3
0.23828 5.00786e-3
0.23828 5.03592e-3
0.23828 5.06413e-3
0.23828 5.0925e-3
0.23828 5.12103e-3
0.23676 5.14963e-3
0.23676 5.17848e-3
0.23676 5.20749e-3
0.23676 5.23667e-3
0.23676 5.266e-3
0.23676 5.2955e-3
0.23676 5.32517e-3
0.23524 5.35492e-3
0.23524 5.38492e-3
0.23524 5.41508e-3
0.23524 5.44542e-3
0.23524 5.47593e-3
0.23524 5.5066e-3
0.23524 5.53745e-3
0.23524 5.56847e-3
0.23373 5.59958e-3
0.23373 5.63095e-3
0.23373 5.66249e-3
0.23373 5.69422e-3
0.23373 5.72612e-3
0.23373 5.75819e-3
0.23373 5.79045e-3
0.23373 5.82289e-3
0.23223 5.85542e-3
0.23223 5.88822e-3
0.23223 5.92121e-3
0.23223 5.95438e-3
0.23223 5.98774e-3
0.23223 6.02128e-3
0.23223 6.05501e-3
0.23223 6.08893e-3
0.23223 6.12304e-3
0.23223 6.15735e-3
0.23074 6.19174e-3
0.23074 6.22643e-3
0.23074 6.26131e-3
0.23074 6.29639e-3
0.23074 6.33166e-3
0.23074 6.36713e-3
0.23074 6.4028e-3
0.23074 6.43867e-3
0.23074 6.47474e-3
0.23074 6.51101e-3
0.22926 6.54739e-3
0.22926 6.58406e-3
0.22926 6.62095e-3
0.22926 6.65804e-3
0.22926 6.69534e-3
0.22926 6.73285e-3
0.22926 6.77057e-3
0.22926 6.80849e-3
0.22926 6.84664e-3
0.22926 6.88499e-3
0.22926 6.92356e-3
0.22926 6.96235e-3
0.22779 7.00124e-3
0.22779 7.04047e-3
0.22779 7.07991e-3
0.22779 7.11957e-3
0.22779 7.15945e-3
0.22779 7.19956e-3
0.22779 7.23989e-3
0.22779 7.28045e-3
0.22779 7.32124e-3
0.22779 7.36225e-3
0.22779 7.4035e-3
0.22779 7.44497e-3
0.22779 7.48668e-3
0.22633 7.5285e-3
0.22633 7.57068e-3
0.22633 7.61309e-3
0.22633 7.65574e-3
0.22633 7.69863e-3
0.22633 7.74176e-3
0.22633 7.78513e-3
0.22633 7.82874e-3
0.22633 7.8726e-3
0.22633 7.9167e-3
0.22633 7.96105e-3
0.22633 8.00565e-3
0.22633 8.0505e-3
0.22633 8.0956e-3
0.22779 8.14108e-3
0.22779 8.18668e-3
0.22779 8.23255e-3
0.22926 8.27879e-3
0.22926 8.32517e-3
0.22926 8.37181e-3
0.23074 8.41884e-3
0.23074 8.46601e-3
0.23074 8.51343e-3
0.23074 8.56113e-3
0.23074 8.60909e-3
0.23223 8.65745e-3
0.23223 8.70595e-3
0.23223 8.75472e-3
0.23223 8.80377e-3
0.23223 8.85309e-3
0.23223 8.90268e-3
0.23373 8.9527e-3
0.23373 9.00285e-3
0.23373 9.05329e-3
0.23373 9.104e-3
0.23524 9.15515e-3
0.23524 9.20643e-3
0.23524 9.25801e-3
0.23524 9.30987e-3
0.23524 9.36203e-3
0.23676 9.41462e-3
0.23676 9.46737e-3
0.23676 9.5204e-3
0.23676 9.57374e-3
0.23676 9.62737e-3
0.23676 9.6813e-3
0.23828 9.73569e-3
0.23828 9.79023e-3
0.23828 9.84508e-3
0.23828 9.90023e-3
0.23828 9.95569e-3
0.23828 0.01001
0.23828 0.01007
0.23982 0.01012
0.23982 0.01018
0.23982 0.01024
0.23982 0.0103
0.23982 0.01035
0.23982 0.01041
0.24137 0.01047
0.24137 0.01053
0.24137 0.01059
0.24137 0.01065
0.24137 0.01071
0.24137 0.01077
0.24137 0.01083
0.24137 0.01089
0.24137 0.01095
0.24137 0.01101
0.24137 0.01107
0.24293 0.01113
0.24293 0.0112
0.24293 0.01126
0.24293 0.01132
0.24293 0.01138
0.24293 0.01145
0.24293 0.01151
0.24293 0.01158
0.24293 0.01164
0.24449 0.01171
0.24449 0.01177
0.24449 0.01184
0.24449 0.01191
0.24449 0.01197
0.24449 0.01204
0.24449 0.01211
0.24449 0.01217
0.24449 0.01224
0.24449 0.01231
0.24449 0.01238
0.24607 0.01245
0.24607 0.01252
0.24607 0.01259
0.24607 0.01266
0.24607 0.01273
0.24607 0.0128
0.24607 0.01287
0.24607 0.01295
0.24607 0.01302
0.24607 0.01309
0.24607 0.01316
0.24607 0.01324
0.24607 0.01331
0.24766 0.01339
0.24766 0.01346
0.24766 0.01354
0.24766 0.01361
0.24766 0.01369
0.24766 0.01377
0.24766 0.01384
0.24766 0.01392
0.24766 0.014
0.24766 0.01408
0.24766 0.01416
0.24926 0.01424
0.24926 0.01432
0.24926 0.0144
0.25087 0.01448
0.25087 0.01456
0.25248 0.01464
0.25248 0.01472
0.25411 0.0148
0.25575 0.01489
0.25575 0.01497
0.2574 0.01506
0.2574 0.01514
0.25906 0.01522
0.25906 0.01531
0.25906 0.0154
0.26074 0.01548
0.26074 0.01557
0.26242 0.01566
0.26242 0.01574
0.26242 0.01583
0.26411 0.01592
0.26411 0.01601
0.26582 0.0161
0.26582 0.01619
0.26753 0.01628
0.26753 0.01637
0.26753 0.01646
0.26926 0.01656
0.26926 0.01665
0.26926 0.01674
0.27099 0.01684
0.27099 0.01693
0.27099 0.01703
0.27274 0.01712
0.27274 0.01722
0.27274 0.01731
0.2745 0.01741
0.2745 0.01751
0.2745 0.01761
0.2745 0.01771
0.27627 0.01781
0.27627 0.01791
0.27627 0.01801
0.27806 0.01811
0.27806 0.01821
0.27806 0.01831
0.27806 0.01841
0.27806 0.01852
0.27985 0.01862
0.27985 0.01872
0.27985 0.01883
0.27985 0.01893
0.28166 0.01904
0.28166 0.01915
0.28166 0.01925
0.28346 0.01936
0.28529 0.01947
0.28714 0.01958
0.28714 0.01969
0.289 0.0198
0.29086 0.01991
0.29274 0.02002
0.29463 0.02014
0.29463 0.02025
0.29653 0.02036
0.29844 0.02048
0.30037 0.02059
0.30231 0.02071
0.30231 0.02082
0.30426 0.02094
0.30622 0.02106
0.3082 0.02118
0.31018 0.0213
0.31018 0.02142
0.31219 0.02154
0.3142 0.02166
0.31623 0.02178
0.31827 0.02166
0.32032 0.02154
0.32032 0.02142
0.32239 0.0213
0.32239 0.02118
0.32447 0.02106
0.32656 0.02095
0.32656 0.02083
0.32867 0.02071
0.33079 0.0206
0.33079 0.02048
0.33292 0.02037
0.33507 0.02026
0.33724 0.02014
0.33941 0.02003
0.33941 0.01992
0.3416 0.01981
0.34381 0.0197
0.34381 0.01959
0.34602 0.01948
0.34826 0.01936
0.3505 0.01926
0.35277 0.01916
0.35504 0.01905
0.35733 0.01895
0.35964 0.01884
0.35964 0.01874
0.36196 0.01863
0.36429 0.01853
0.36429 0.01842
0.36665 0.01832
0.36901 0.01822
0.37138 0.01812
0.37138 0.01802
0.37379 0.01792
0.37619 0.01782
0.37863 0.01772
0.38107 0.01762
0.38353 0.01752
0.38353 0.01743
0.386 0.01733
0.3885 0.01723
0.391 0.01714
0.39352 0.01704
0.39606 0.01695
0.39862 0.01695
0.40119 0.01695
0.40378 0.01695
0.40639 0.01695
0.409 0.01695
0.41165 0.01695
0.4143 0.01695
0.41698 0.01695
0.41967 0.01695
0.42238 0.01695
0.4251 0.01686
0.42784 0.01686
0.4306 0.01686
0.43338 0.01686
0.43618 0.01686
0.43899 0.01686
0.44183 0.01686
0.44468 0.01686
0.44755 0.01686
0.44755 0.01676
0.45042 0.01667
0.45042 0.01658
0.45334 0.01649
0.45334 0.01639
0.45627 0.0163
0.45627 0.01621
0.45921 0.01612
0.46217 0.01603
0.46217 0.01594
0.46217 0.01585
0.46516 0.01577
0.46516 0.01568
0.46516 0.01559
0.46816 0.0155
0.46816 0.01542
0.47118 0.01533
0.47118 0.01525
0.47421 0.01516
0.47421 0.01508
0.47728 0.01499
0.47728 0.01491
0.48036 0.01483
0.48036 0.01474
0.48036 0.01466
0.48346 0.01458
0.48346 0.0145
0.48658 0.01442
0.48658 0.01434
0.48972 0.01426
0.48972 0.01418
0.48972 0.0141
0.48972 0.01402
0.48972 0.01394
0.48972 0.01387
0.48972 0.01379
0.48972 0.01371
0.48972 0.01364
0.48972 0.01356
0.48972 0.01348
0.48972 0.01341
0.48972 0.01333
0.48972 0.01326
0.49288 0.01319
0.49288 0.01311
0.49288 0.01304
0.49288 0.01297
0.49288 0.0129
0.49288 0.01282
0.49288 0.01275
0.49288 0.01268
0.49288 0.01261
0.49288 0.01254
0.49288 0.01247
0.49288 0.0124
0.49288 0.01233
0.49288 0.01226
0.49288 0.01219
0.49288 0.01213
0.49288 0.01206
0.49288 0.01199
0.49288 0.01193
0.49288 0.01186
0.49288 0.01179
0.49288 0.01173
0.49606 0.01166
0.49606 0.0116
0.49606 0.01153
0.49606 0.01147
0.49606 0.0114
0.49606 0.01134
0.49606 0.01128
0.49606 0.01121
0.49606 0.01115
0.49606 0.01109
0.49606 0.01103
0.49606 0.01097
0.49606 0.01091
0.49606 0.01085
0.49606 0.01078
0.49606 0.01072
0.49606 0.01066
0.49606 0.01061
0.49606 0.01055
0.49606 0.01048
0.49926 0.01043
0.49926 0.01037
0.49926 0.01031
0.49926 0.01026
0.49926 0.0102
0.49926 0.01014
0.49926 0.01009
0.49926 0.01003
0.49926 9.97357e-3
0.49926 9.91801e-3
0.49926 9.86276e-3
0.49926 9.80782e-3
0.49926 9.75318e-3
0.49926 9.69884e-3
0.49926 9.64481e-3
0.49926 9.59108e-3
0.49926 9.53765e-3
0.49926 9.48452e-3
0.49926 9.43168e-3
0.49926 9.37914e-3
0.50248 9.32703e-3
0.50248 9.27507e-3
0.50248 9.2234e-3
0.50248 9.17202e-3
0.50248 9.12092e-3
0.50248 9.07011e-3
0.50248 9.01958e-3
0.50248 8.96934e-3
0.50248 8.91937e-3
0.50248 8.86968e-3
0.50248 8.82027e-3
0.50248 8.77113e-3
0.50248 8.72227e-3
0.50248 8.67368e-3
0.50248 8.62536e-3
0.50248 8.57731e-3
0.50248 8.52952e-3
0.50248 8.48201e-3
0.50248 8.43475e-3
0.50248 8.38777e-3
0.50248 8.34104e-3
0.50248 8.29457e-3
0.50248 8.24836e-3
0.50248 8.20241e-3
0.50248 8.15672e-3
0.50248 8.11128e-3
0.50248 8.06609e-3
0.50248 8.02115e-3
0.50248 7.97647e-3
0.50248 7.93203e-3
0.50248 7.88785e-3
0.50248 7.8439e-3
0.50248 7.80021e-3
0.50248 7.75675e-3
0.50248 7.71354e-3
0.50248 7.67057e-3
0.50248 7.62784e-3
0.50248 7.58534e-3
0.50248 7.54308e-3
0.50248 7.50106e-3
0.50248 7.45928e-3
0.50248 7.41772e-3
0.50248 7.3764e-3
0.50248 7.3353e-3
0.50248 7.29444e-3
0.50248 7.2538e-3
0.50248 7.21339e-3
0.50248 7.17321e-3
0.50248 7.13325e-3
0.50248 7.09351e-3
0.50248 7.05399e-3
0.50248 7.01469e-3
0.50248 6.97562e-3
0.50248 6.93676e-3
0.50248 6.89811e-3
0.50248 6.85968e-3
0.50248 6.82147e-3
0.50248 6.78347e-3
0.50248 6.74568e-3
0.50248 6.7081e-3
0.50248 6.67073e-3
0.50248 6.63357e-3
0.50248 6.59661e-3
0.50248 6.55986e-3
0.49926 6.52322e-3
0.49926 6.48688e-3
0.49926 6.45074e-3
0.49926 6.4148e-3
0.49926 6.37907e-3
0.49926 6.34353e-3
0.49926 6.30819e-3
0.49926 6.27305e-3
0.49926 6.2381e-3
0.49926 6.20335e-3
0.49926 6.16879e-3
0.49926 6.13443e-3
0.49926 6.10025e-3
0.49926 6.06627e-3
0.49926 6.03247e-3
0.49606 5.99877e-3
0.49606 5.96535e-3
0.49606 5.93212e-3
0.49606 5.89907e-3
0.49606 5.86621e-3
0.49606 5.83353e-3
0.49606 5.80103e-3
0.49606 5.76872e-3
0.49606 5.73658e-3
0.49606 5.70462e-3
0.49606 5.67284e-3
0.49606 5.64124e-3
0.49606 5.60981e-3
0.49606 5.57856e-3
0.49288 5.5474e-3
0.49288 5.51649e-3
0.49288 5.48576e-3
0.49288 5.4552e-3
0.49288 5.42481e-3
0.49288 5.39459e-3
0.49288 5.36454e-3
0.49288 5.33465e-3
0.49288 5.30493e-3
0.49288 5.27538e-3
0.49288 5.24599e-3
0.49288 5.21677e-3
0.48972 5.18762e-3
0.48972 5.15872e-3
0.48972 5.12998e-3
0.48972 5.10141e-3
0.48972 5.07299e-3
0.48972 5.04473e-3
0.48972 5.01662e-3
0.48972 4.98867e-3
0.48972 4.96088e-3
0.48972 4.93325e-3
0.48972 4.90576e-3
0.48972 4.87843e-3
0.48658 4.85118e-3
0.48658 4.82416e-3
0.48658 4.79728e-3
0.48658 4.77056e-3
0.48658 4.74398e-3
0.48658 4.71755e-3
0.48658 4.69127e-3
0.48658 4.66514e-3
0.48658 4.63915e-3
0.48346 4.61323e-3
0.48346 4.58753e-3
0.48346 4.56197e-3
0.48346 4.53656e-3
0.48346 4.51129e-3
0.48346 4.48616e-3
0.48346 4.46116e-3
0.48346 4.43631e-3
0.48346 4.4116e-3
0.48346 4.38702e-3
0.48346 4.36258e-3
0.48036 4.33821e-3
0.48036 4.31404e-3
0.48036 4.29001e-3
0.48036 4.26611e-3
0.48036 4.24234e-3
0.48036 4.21871e-3
0.48036 4.19521e-3
0.48036 4.17184e-3
0.47728 4.14853e-3
0.47728 4.12542e-3
0.47728 4.10244e-3
0.47728 4.07958e-3
0.47728 4.05686e-3
0.47728 4.03426e-3
0.47728 4.01178e-3
0.47421 3.98937e-3
0.47421 3.96715e-3
0.47421 3.94505e-3
0.47421 3.92307e-3
0.47421 3.90121e-3
0.47421 3.87948e-3
0.47421 3.85787e-3
0.47421 3.83638e-3
0.47118 3.81495e-3
0.47118 3.79369e-3
0.47118 3.77256e-3
0.47118 3.75154e-3
0.47118 3.73064e-3
0.47118 3.70986e-3
0.47118 3.68919e-3
0.46816 3.66858e-3
0.46816 3.64815e-3
0.46816 3.62782e-3
0.46816 3.60761e-3
0.46816 3.58751e-3
0.46816 3.56753e-3
0.46816 3.54765e-3
0.46516 3.52784e-3
0.46516 3.50818e-3
0.46516 3.48864e-3
0.46516 3.4692e-3
0.46516 3.44988e-3
0.46516 3.43066e-3
0.46516 3.41155e-3
0.46516 3.39254e-3
0.46516 3.37364e-3
0.46217 3.3548e-3
0.46217 3.33611e-3
0.46217 3.31752e-3
0.46217 3.29904e-3
0.46217 3.28066e-3
0.46217 3.26238e-3
0.46217 3.24421e-3
0.46217 3.22614e-3
0.46217 3.20816e-3
0.45921 3.19024e-3
0.45921 3.17247e-3
0.45921 3.1548e-3
0.45921 3.13722e-3
0.45921 3.11974e-3
0.45921 3.10236e-3
0.45921 3.08508e-3
0.45921 3.06789e-3
0.45627 3.05076e-3
0.45627 3.03376e-3
0.45627 3.01686e-3
0.45627 3.00005e-3
0.45627 2.98334e-3
0.45627 2.96672e-3
0.45627 2.95019e-3
0.45627 2.93376e-3
0.45334 2.91737e-3
0.45334 2.90112e-3
0.45334 2.88495e-3
0.45334 2.86888e-3
0.45334 2.8529e-3
0.45334 2.83701e-3
0.45334 2.8212e-3
0.45334 2.80549e-3
0.45042 2.78981e-3
0.45042 2.77427e-3
0.45042 2.75882e-3
0.45042 2.74345e-3
0.45042 2.72816e-3
0.45042 2.71297e-3
0.45042 2.69785e-3
0.44755 2.68278e-3
0.44755 2.66784e-3
0.44755 2.65297e-3
0.44755 2.63819e-3
0.44755 2.6235e-3
0.44468 2.60884e-3
0.44468 2.59431e-3
0.44183 2.57981e-3
0.43899 2.5654e-3
0.43618 2.55107e-3
0.43618 2.53686e-3
0.43338 2.52269e-3
0.4306 2.50859e-3
0.4306 2.49462e-3
0.42784 2.48068e-3
0.4251 2.46683e-3
0.42238 2.45305e-3
0.41967 2.43934e-3
0.41698 2.42571e-3
