10.7852 0.0322
10.7008 0.0322
10.6172 0.0322
10.5341 0.0322
10.4517 0.0322
10.37 0.0322
10.2889 0.0322
10.2084 0.0322
10.1286 0.0322
10.0493 0.0322
9.9707 0.0322
9.8928 0.0322
9.8154 0.0322
9.7386 0.0322
9.6625 0.0322
9.5869 0.0322
9.5119 0.0322
9.4375 0.0322
9.3637 0.0322
9.2905 0.0322
9.2178 0.0322
9.1457 0.0322
9.0742 0.0322
9.0032 0.0322
8.9327 0.0322
8.8629 0.0322
8.7936 0.0322
8.7248 0.0324
8.6566 0.0324
8.5889 0.0324
8.5217 0.0324
8.4551 0.0324
8.389 0.0324
8.3234 0.0324
8.2583 0.0324
8.1937 0.0324
8.1296 0.0324
8.066 0.0326
8.003 0.0326
7.9404 0.0326
7.8782 0.0326
7.8166 0.0326
7.7555 0.0326
7.6949 0.0326
7.6346 0.0324
7.5749 0.0324
7.5157 0.0324
7.4569 0.0324
7.3985 0.0322
7.3407 0.0322
7.2832 0.0322
7.2263 0.0322
7.1698 0.0322
7.1137 0.0322
7.0581 0.0322
7.0029 0.0322
6.9481 0.0322
6.8937 0.0322
6.8397 0.0322
6.7863 0.0322
6.7332 0.0322
6.6806 0.0322
6.6282 0.0322
6.5765 0.032
6.525 0.032
6.474 0.032
6.4234 0.032
6.3731 0.032
6.3233 0.032
6.2738 0.032
6.2247 0.032
6.1761 0.032
6.1278 0.032
6.0799 0.0322
6.0323 0.0322
5.9851 0.0322
5.8919 0.0324
5.8458 0.0324
5.8001 0.0324
5.7547 0.0324
5.7098 0.0326
5.6651 0.0326
5.6208 0.0326
5.5768 0.0326
5.5332 0.0326
5.447 0.0326
5.4043 0.0326
5.362 0.0326
5.3202 0.0326
5.2786 0.0326
5.1963 0.0326
5.1557 0.0328
5.1154 0.0328
5.0754 0.0328
4.9963 0.033
4.9573 0.033
4.9184 0.033
4.88 0.0332
4.804 0.0332
4.7664 0.0332
4.7292 0.0332
4.6554 0.033
4.619 0.033
4.5829 0.0328
4.5114 0.0326
4.4761 0.0324
4.4064 0.0322
4.3719 0.032
4.3037 0.0316
4.2701 0.0316
4.2035 0.0312
4.1706 0.0312
4.1056 0.031
4.0735 0.031
4.01 0.031
3.9787 0.031
3.9167 0.0314
3.886 0.032
3.8256 0.0326
3.7662 0.0338
3.7367 0.034
3.6785 0.0347
3.6213 0.0354
3.5649 0.0358
3.5371 0.036
3.482 0.0363
3.4277 0.0367
3.3743 0.0363
3.3743 0.036
3.3216 0.0356
3.2698 0.0347
3.2187 0.0338
3.1686 0.0332
3.1192 0.0324
3.0705 0.0313
3.0226 0.0304
2.9754 0.0296
2.929 0.0291
2.8833 0.0287
2.8384 0.0285
2.7942 0.0283
2.729 0.0283
2.6865 0.0285
2.624 0.0291
2.5833 0.0298
2.5432 0.0319
2.4841 0.0345
2.4456 0.0379
2.4079 0.047
2.3901 0.0756
2.4285 0.1025
2.4673 0.1193
2.487 0.1337
2.5265 0.1461
2.5667 0.1576
2.6075 0.169
2.6489 0.1801
2.7122 0.1894
2.7551 0.1968
2.7988 0.2018
2.8432 0.2031
2.8881 0.2044
2.9339 0.2031
3.0037 0.1993
3.0513 0.1968
3.0995 0.1931
3.1485 0.1895
3.1983 0.1836
3.2234 0.1801
3.2744 0.1756
3.3261 0.1701
3.3787 0.168
3.3786 0.1638
3.4321 0.1638
3.4053 0.1638
3.4053 0.1659
3.4592 0.1659
3.5141 0.1712
3.5697 0.1745
3.5979 0.1756
3.6549 0.1801
3.7128 0.1836
3.7421 0.1859
3.8014 0.1919
3.8617 0.1981
3.8921 0.2006
3.9539 0.2032
3.9851 0.2045
4.0482 0.2084
4.0801 0.2084
4.1447 0.211
4.2104 0.2124
4.2436 0.2124
4.277 0.211
4.3446 0.2084
4.3789 0.2084
4.4481 0.2058
4.4832 0.2045
4.5541 0.2032
4.5899 0.2019
4.6261 0.2019
4.6994 0.2006
4.7364 0.2006
4.8114 0.2006
4.8493 0.1994
4.8875 0.1994
4.9649 0.1994
5.004 0.1994
5.0435 0.1994
5.0832 0.2006
5.1637 0.2019
5.2045 0.2032
5.2455 0.2045
5.2869 0.2045
5.3285 0.2045
5.4129 0.2045
5.4555 0.2045
5.4985 0.2045
5.5419 0.2045
5.5856 0.2045
5.6296 0.2045
5.7187 0.2045
5.7638 0.2045
5.8092 0.2045
5.855 0.2045
5.9012 0.2045
5.9477 0.2045
5.9946 0.2045
6.0418 0.2045
6.0895 0.2045
6.1375 0.2045
6.1858 0.2045
6.2346 0.2045
6.2837 0.2045
6.3333 0.2045
6.3832 0.2045
6.4335 0.2045
6.4842 0.2045
6.5354 0.2045
6.5869 0.2045
6.6388 0.2045
6.6911 0.2045
6.7439 0.2058
6.7971 0.2058
6.8507 0.2058
6.9047 0.2058
6.959 0.2058
7.0139 0.2058
7.0692 0.2058
7.125 0.2058
7.1811 0.2058
7.2377 0.2058
7.2948 0.2058
7.3523 0.2058
7.4102 0.2058
7.4687 0.2058
7.5274 0.2058
7.5869 0.2058
7.6467 0.2058
7.7069 0.2058
7.7677 0.2058
7.8289 0.2058
7.8907 0.2058
7.9529 0.2058
8.0155 0.2059
8.0787 0.2059
8.1424 0.2059
8.2066 0.2059
8.2713 0.2059
8.3365 0.2059
8.4022 0.2059
8.4684 0.2059
8.5352 0.2059
8.6025 0.2059
8.6703 0.2059
8.7386 0.2059
8.8075 0.2059
8.877 0.2059
8.9468 0.2059
9.0175 0.2059
9.0885 0.2059
9.1602 0.2059
9.2324 0.2059
9.3052 0.2059
9.3785 0.2059
9.4525 0.2059
9.527 0.2059
9.6021 0.2059
9.6778 0.2059
9.754 0.2059
9.8309 0.2059
9.9083 0.2059
9.9865 0.2059
10.0653 0.2059
10.1446 0.2059
10.2246 0.2059
10.3052 0.2059
10.3864 0.2059
10.4683 0.2059
10.5508 0.2059
10.634 0.2059
10.7178 0.2059
10.8023 0.2059
10.8874 0.2059
10.9733 0.2059
11.0598 0.2059
11.1469 0.2059
11.2348 0.2059
11.3234 0.2059
11.4126 0.2059
11.5027 0.2072
