0.35504 7.12724e-3
0.35277 7.12713e-3
0.3505 7.16694e-3
0.34826 7.20698e-3
0.34602 7.20687e-3
0.34381 7.24713e-3
0.3416 7.28761e-3
0.33941 7.2875e-3
0.33724 7.32821e-3
0.33507 7.36915e-3
0.33292 7.36903e-3
0.33079 7.4102e-3
0.32867 7.4516e-3
0.32656 7.45148e-3
0.32447 7.49311e-3
0.32239 7.53497e-3
0.32032 7.53485e-3
0.31827 7.57694e-3
0.31623 7.61927e-3
0.3142 7.66183e-3
0.3142 7.70476e-3
0.31219 7.7478e-3
0.31219 7.7912e-3
0.31018 7.83473e-3
0.3082 7.8785e-3
0.3082 7.92263e-3
0.3082 7.96702e-3
0.30622 7.96689e-3
0.30622 8.01152e-3
0.30622 8.0564e-3
0.30622 8.10154e-3
0.30426 8.1468e-3
0.30426 8.19243e-3
0.30426 8.23833e-3
0.30231 8.28435e-3
0.30231 8.33076e-3
0.30231 8.37743e-3
0.30037 8.42423e-3
0.30037 8.47142e-3
0.30037 8.51888e-3
0.29844 8.56647e-3
0.29844 8.61446e-3
0.29844 8.66272e-3
0.29653 8.71111e-3
0.29653 8.75992e-3
0.29653 8.80899e-3
0.29463 8.8582e-3
0.29463 8.90782e-3
0.29463 8.95773e-3
0.29274 9.00777e-3
0.29274 9.05823e-3
0.29274 9.10898e-3
0.29274 9.16001e-3
0.29086 9.21118e-3
0.29086 9.26278e-3
0.29086 9.31467e-3
0.289 9.36671e-3
0.289 9.41918e-3
0.289 9.47195e-3
0.289 9.52501e-3
0.28714 9.57822e-3
0.28714 9.63188e-3
0.28714 9.68584e-3
0.28714 9.7401e-3
0.28529 9.79451e-3
0.28529 9.84938e-3
0.28529 9.90456e-3
0.28346 9.95989e-3
0.28346 0.01002
0.28346 0.01007
0.28346 0.01013
0.28166 0.01018
0.28166 0.01024
0.28166 0.0103
0.28166 0.01036
0.28166 0.01041
0.28166 0.01047
0.28166 0.01053
0.28166 0.01059
0.28166 0.01065
0.27985 0.01071
0.27985 0.01077
0.27985 0.01083
0.27985 0.01089
0.27985 0.01095
0.27985 0.01101
0.27985 0.01107
0.27985 0.01114
0.27985 0.0112
0.27806 0.01126
0.27806 0.01132
0.27806 0.01139
0.27806 0.01145
0.27806 0.01152
0.27806 0.01158
0.27806 0.01165
0.27806 0.01171
0.27806 0.01178
0.27806 0.01184
0.27806 0.01191
0.27627 0.01198
0.27627 0.01204
0.27627 0.01211
0.27627 0.01218
0.27627 0.01225
0.27627 0.01231
0.27627 0.01238
0.27627 0.01245
0.27627 0.01252
0.27627 0.01259
0.27627 0.01266
0.27627 0.01273
0.27627 0.01281
0.2745 0.01288
0.2745 0.01295
0.2745 0.01302
0.2745 0.01309
0.2745 0.01317
0.2745 0.01324
0.2745 0.01332
0.2745 0.01339
0.2745 0.01347
0.2745 0.01354
0.2745 0.01362
0.2745 0.01369
0.2745 0.01377
0.2745 0.01385
0.2745 0.01392
0.2745 0.014
0.2745 0.01408
0.2745 0.01416
0.2745 0.01424
0.2745 0.01432
0.2745 0.0144
0.2745 0.01448
0.27627 0.01456
0.27627 0.01464
0.27627 0.01473
0.27806 0.01481
0.27806 0.01489
0.27806 0.01497
0.27806 0.01506
0.27985 0.01514
0.27985 0.01523
0.27985 0.01531
0.27985 0.0154
0.28166 0.01549
0.28166 0.01557
0.28166 0.01566
0.28166 0.01575
0.28346 0.01584
0.28529 0.01592
0.28529 0.01601
0.28714 0.0161
0.289 0.01619
0.289 0.01628
0.29086 0.01638
0.29086 0.01647
0.29274 0.01656
0.29463 0.01665
0.29463 0.01675
0.29653 0.01684
0.29653 0.01694
0.29844 0.01703
0.30037 0.01713
0.30037 0.01722
0.30231 0.01732
0.30231 0.01742
0.30426 0.01751
0.30622 0.01761
0.30622 0.01771
0.3082 0.01781
0.3082 0.01791
0.31018 0.01801
0.31219 0.01811
0.31219 0.01821
0.3142 0.01832
0.3142 0.01842
0.31623 0.01852
0.31623 0.01863
0.31827 0.01852
0.31827 0.01842
0.32032 0.01832
0.31827 0.01832
0.31623 0.01842
0.31827 0.01832
0.32032 0.01821
0.32239 0.01811
0.32447 0.01801
0.32656 0.01791
0.32656 0.01781
0.32867 0.01771
0.33079 0.01762
0.33292 0.01752
0.33507 0.01742
0.33507 0.01732
0.33724 0.01723
0.33941 0.01713
0.3416 0.01704
0.34381 0.01694
0.34602 0.01694
0.34826 0.01685
0.3505 0.01685
0.3505 0.01675
0.35277 0.01675
0.35277 0.01666
0.35504 0.01666
0.35504 0.01657
0.35733 0.01657
0.35733 0.01648
0.35733 0.01638
0.35964 0.01629
0.36196 0.0162
0.36196 0.01611
0.36429 0.01602
0.36665 0.01593
0.36901 0.01585
0.36901 0.01576
0.37138 0.01567
0.37379 0.01558
0.37619 0.0155
0.37863 0.01541
0.38107 0.01532
0.38353 0.01524
0.386 0.01515
0.3885 0.01507
0.391 0.01499
0.39352 0.0149
0.39606 0.01482
0.39862 0.01482
0.40119 0.01482
0.40119 0.01474
0.40378 0.01474
0.40639 0.01474
0.409 0.01466
0.41165 0.01466
0.4143 0.01466
0.41698 0.01458
0.41967 0.01458
0.42238 0.0145
0.4251 0.0145
0.42784 0.01442
0.4306 0.01442
0.43338 0.01442
0.43618 0.01434
0.43899 0.01434
0.44183 0.01426
0.44468 0.01418
0.44468 0.0141
0.44468 0.01402
0.44468 0.01394
0.44468 0.01386
0.44468 0.01379
0.44468 0.01371
0.44468 0.01363
0.44468 0.01356
0.44468 0.01348
0.44468 0.01341
0.44468 0.01333
0.44468 0.01326
0.44468 0.01318
0.44468 0.01311
0.44468 0.01304
0.44468 0.01296
0.44468 0.01289
0.44468 0.01282
0.44183 0.01275
0.44183 0.01268
0.44183 0.01261
0.44183 0.01254
0.44183 0.01247
0.44183 0.0124
0.44183 0.01233
0.44183 0.01226
0.44183 0.01219
0.44183 0.01212
0.43899 0.01206
0.43899 0.01199
0.43899 0.01192
0.43899 0.01186
0.43899 0.01179
0.43899 0.01172
0.43899 0.01166
0.43899 0.01159
0.43899 0.01153
0.43899 0.01146
0.43618 0.0114
0.43618 0.01134
0.43618 0.01127
0.43618 0.01121
0.43618 0.01115
0.43618 0.01109
0.43618 0.01103
0.43618 0.01096
0.43618 0.0109
0.43618 0.01084
0.43338 0.01078
0.43338 0.01072
0.43338 0.01066
0.43338 0.0106
0.43338 0.01054
0.43338 0.01048
0.43338 0.01043
0.43338 0.01037
0.43338 0.01031
0.43338 0.01025
0.4306 0.0102
0.4306 0.01014
0.4306 0.01008
0.4306 0.01003
0.4306 9.96999e-3
0.4306 9.91445e-3
0.4306 9.85922e-3
0.4306 9.8043e-3
0.4306 9.74968e-3
0.4306 9.69536e-3
0.42784 9.6412e-3
0.42784 9.58749e-3
0.42784 9.53408e-3
0.42784 9.48097e-3
0.42784 9.42815e-3
0.42784 9.37563e-3
0.42784 9.3234e-3
0.42784 9.27146e-3
0.42784 9.21981e-3
0.42784 9.16844e-3
0.4251 9.11722e-3
0.4251 9.06643e-3
0.4251 9.01592e-3
0.4251 8.9657e-3
0.4251 8.91575e-3
0.4251 8.86608e-3
0.4251 8.81669e-3
0.4251 8.76757e-3
0.4251 8.71873e-3
0.42238 8.67002e-3
0.42238 8.62172e-3
0.42238 8.57369e-3
0.42238 8.52593e-3
0.42238 8.47843e-3
0.42238 8.4312e-3
0.42238 8.38423e-3
0.42238 8.33752e-3
0.42238 8.29108e-3
0.41967 8.24476e-3
0.41967 8.19883e-3
0.41967 8.15315e-3
0.41967 8.10773e-3
0.41967 8.06257e-3
0.41967 8.01765e-3
0.41967 7.97299e-3
0.41698 7.92844e-3
0.4143 7.88415e-3
0.4143 7.84023e-3
0.41165 7.79643e-3
0.409 7.75288e-3
0.409 7.70969e-3
0.40639 7.66662e-3
0.40378 7.62379e-3
0.40378 7.58132e-3
0.40119 7.53897e-3
0.39862 7.49685e-3
0.39862 7.45509e-3
0.39606 7.45497e-3
0.39352 7.41332e-3
0.391 7.37191e-3
0.3885 7.37179e-3
0.3885 7.33073e-3
0.386 7.33061e-3
