1.7607 0.1566
1.7746 0.1546
1.7886 0.1537
1.7885 0.1517
1.8026 0.1508
1.8168 0.1451
1.8311 0.1406
1.8454 0.1345
1.8599 0.132
1.8599 0.1295
1.8745 0.1263
1.8745 0.1231
1.8892 0.1193
1.8892 0.117
1.904 0.1118
1.904 0.1112
1.9189 0.1038
1.9339 0.0974
1.9489 0.0903
1.9489 0.0853
1.9642 0.0785
1.964 0.0701
1.9484 0.0609
1.9482 0.0551
1.9329 0.0534
1.9327 0.0501
1.9175 0.045
1.9024 0.0414
1.9022 0.0396
1.8874 0.0389
1.8726 0.0367
1.8578 0.0349
1.8578 0.0334
1.8432 0.0332
1.8287 0.0317
1.8144 0.0306
1.8001 0.0296
1.786 0.0287
1.772 0.0281
1.7581 0.0278
1.7444 0.0274
1.7581 0.0271
1.7443 0.0273
1.7307 0.0274
1.7172 0.0276
1.7038 0.0278
1.6904 0.028
1.6772 0.028
1.6641 0.028
1.6772 0.0281
1.6641 0.0281
1.6772 0.0283
1.6641 0.0287
1.6512 0.0292
1.6383 0.0298
1.6255 0.0306
1.6128 0.0321
1.6002 0.0345
1.6004 0.0372
1.588 0.0384
1.5882 0.045
1.5758 0.0488
1.576 0.0527
1.5638 0.0609
1.5763 0.0692
1.5765 0.079
1.5767 0.0891
1.5891 0.0902
1.5892 0.0974
1.6018 0.1018
1.6019 0.1051
1.6146 0.1134
1.6274 0.1231
1.6402 0.1311
1.6533 0.1371
1.6663 0.1388
1.6796 0.1424
1.6796 0.1433
1.6928 0.1461
1.6928 0.147
1.7607 0.1566
