22.48823 6.4024e-3
22.34406 6.4023e-3
22.2008 6.4022e-3
22.05847 6.4021e-3
21.91705 6.402e-3
21.77654 6.4019e-3
21.63692 6.4018e-3
21.49821 6.4017e-3
21.36038 6.4016e-3
21.22343 6.4015e-3
21.08737 6.4014e-3
20.95217 6.43716e-3
20.81784 6.43706e-3
20.68438 6.43696e-3
20.55176 6.43686e-3
20.42001 6.43676e-3
20.28909 6.43666e-3
20.15901 6.43656e-3
20.02977 6.43646e-3
19.90136 6.47242e-3
19.77376 6.47232e-3
19.64699 6.47221e-3
19.52103 6.47211e-3
19.39588 6.47201e-3
19.27153 6.47191e-3
19.14798 6.47181e-3
19.02522 6.47171e-3
18.90324 6.47161e-3
18.78205 6.47151e-3
18.66164 6.47141e-3
18.54199 6.47131e-3
18.42312 6.4712e-3
18.305 6.4711e-3
18.18765 6.471e-3
18.07104 6.4709e-3
17.95519 6.4708e-3
17.84006 6.4707e-3
17.7257 6.4706e-3
17.61206 6.4705e-3
17.49914 6.4704e-3
17.38695 6.4703e-3
17.27548 6.4702e-3
17.16473 6.47009e-3
17.05468 6.46999e-3
16.94533 6.46989e-3
16.8367 6.46979e-3
16.72875 6.46969e-3
16.62151 6.46959e-3
16.51494 6.46949e-3
16.40906 6.46939e-3
16.30386 6.43325e-3
16.19934 6.43315e-3
16.09548 6.43305e-3
15.99229 6.43295e-3
15.88975 6.43285e-3
15.78789 6.43274e-3
15.68667 6.43264e-3
15.5861 6.43254e-3
15.48617 6.43244e-3
15.38689 6.43234e-3
15.28824 6.43224e-3
15.19023 6.43214e-3
15.09284 6.43204e-3
14.99608 6.43194e-3
14.89993 6.43184e-3
14.8044 6.43174e-3
14.7095 6.43164e-3
14.61519 6.43154e-3
14.52149 6.43144e-3
14.42839 6.43134e-3
14.33589 6.43124e-3
14.24398 6.43114e-3
14.15266 6.43104e-3
14.06192 6.43094e-3
13.97177 6.43084e-3
13.88219 6.43074e-3
13.79319 6.43064e-3
13.70476 6.43054e-3
13.6169 6.43044e-3
13.52959 6.43034e-3
13.44286 6.43024e-3
13.35667 6.43014e-3
13.27104 6.43004e-3
13.18596 6.42993e-3
13.10142 6.42983e-3
13.01743 6.42973e-3
12.93397 6.42963e-3
12.85104 6.42953e-3
12.76866 6.42943e-3
12.68679 6.42933e-3
12.60545 6.42923e-3
12.52464 6.42913e-3
12.44435 6.42903e-3
12.36456 6.42893e-3
12.28529 6.42883e-3
12.20652 6.42873e-3
12.12827 6.42863e-3
12.05051 6.42853e-3
11.97326 6.42843e-3
11.89649 6.42833e-3
11.82022 6.42823e-3
11.74444 6.42813e-3
11.66915 6.42803e-3
11.59433 6.42793e-3
11.52 6.42783e-3
11.44614 6.42773e-3
11.37276 6.42763e-3
11.29985 6.42753e-3
11.2274 6.42743e-3
11.15542 6.42733e-3
11.0839 6.42723e-3
11.01284 6.42713e-3
10.94224 6.42703e-3
10.87209 6.42693e-3
10.80237 6.42683e-3
10.73313 6.42672e-3
10.66431 6.42662e-3
10.59594 6.42652e-3
10.52801 6.42642e-3
10.46052 6.42632e-3
10.39345 6.42622e-3
10.32682 6.42612e-3
10.26061 6.42602e-3
10.19483 6.42592e-3
10.12947 6.42582e-3
10.06453 6.42572e-3
10.0 6.42562e-3
9.93589 6.42552e-3
9.87219 6.42542e-3
9.8089 6.42532e-3
9.74601 6.42522e-3
9.68353 6.42512e-3
9.62144 6.42502e-3
9.55976 6.42492e-3
9.49847 6.42482e-3
9.43757 6.42472e-3
9.37707 6.42462e-3
9.31695 6.42452e-3
9.25722 6.42442e-3
9.19787 6.42432e-3
9.1389 6.42422e-3
9.08031 6.42412e-3
9.02209 6.42402e-3
8.96425 6.42392e-3
8.90678 6.42382e-3
8.84968 6.42372e-3
8.79294 6.42362e-3
8.73657 6.42352e-3
8.68055 6.42342e-3
8.6249 6.42332e-3
8.56961 6.42322e-3
8.51467 6.42312e-3
8.46008 6.42302e-3
8.40584 6.42292e-3
8.35195 6.42281e-3
8.2984 6.42271e-3
8.2452 6.45859e-3
8.19234 6.45849e-3
8.13981 6.45839e-3
8.08763 6.45829e-3
8.03578 6.45819e-3
7.98426 6.45809e-3
7.93306 6.45799e-3
7.88221 6.45789e-3
7.83168 6.45779e-3
7.78147 6.45769e-3
7.73158 6.45759e-3
7.68201 6.45749e-3
7.63276 6.45739e-3
7.58382 6.45728e-3
7.5352 6.45718e-3
7.48689 6.45708e-3
7.43889 6.45698e-3
7.3912 6.42091e-3
7.34382 6.42081e-3
7.29673 6.42071e-3
7.24995 6.42061e-3
7.20347 6.42051e-3
7.15729 6.42041e-3
7.1114 6.42031e-3
7.06581 6.42021e-3
7.02051 6.42011e-3
6.9755 6.42001e-3
6.93078 6.41991e-3
6.88635 6.41981e-3
6.8422 6.41971e-3
6.79833 6.41961e-3
6.75474 6.41951e-3
6.71144 6.41941e-3
6.66841 6.45527e-3
6.62565 6.45517e-3
6.58318 6.45507e-3
6.54097 6.45497e-3
6.49904 6.45487e-3
6.45737 6.45477e-3
6.41597 6.45467e-3
6.37484 6.45456e-3
6.33396 6.45446e-3
6.29336 6.45436e-3
6.25301 6.45426e-3
6.21292 6.45416e-3
6.17309 6.45406e-3
6.13352 6.49012e-3
6.09419 6.49001e-3
6.05512 6.48991e-3
6.0163 6.48981e-3
5.97773 6.48971e-3
5.93941 6.48961e-3
5.90133 6.48951e-3
5.86349 6.48941e-3
5.82589 6.48931e-3
5.78854 6.4892e-3
5.75144 6.4891e-3
5.71457 6.489e-3
5.67793 6.4889e-3
5.64153 6.4888e-3
5.60536 6.4887e-3
5.56942 6.4886e-3
5.53371 6.4885e-3
5.49824 6.48839e-3
5.46299 6.48829e-3
5.42796 6.48819e-3
5.39316 6.48809e-3
5.35859 6.48799e-3
5.32423 6.48789e-3
5.2901 6.48779e-3
5.25618 6.48769e-3
5.22248 6.48758e-3
5.189 6.48748e-3
5.15573 6.48738e-3
5.12268 6.48728e-3
5.08984 6.48718e-3
5.05721 6.48708e-3
5.02478 6.48698e-3
4.99257 6.48688e-3
4.96056 6.48677e-3
4.92876 6.48667e-3
4.89716 6.48657e-3
4.86575 6.48647e-3
4.83457 6.48637e-3
4.80357 6.48627e-3
4.77277 6.48617e-3
4.74217 6.48607e-3
4.71177 6.48596e-3
4.68157 6.48586e-3
4.65154 6.48576e-3
4.62173 6.48566e-3
4.59209 6.44943e-3
4.56266 6.44933e-3
4.53341 6.44923e-3
4.50434 6.44913e-3
4.47546 6.44903e-3
4.44677 6.44893e-3
4.41826 6.44883e-3
4.38994 6.4128e-3
4.36179 6.4127e-3
4.33383 6.37688e-3
4.30603 6.37678e-3
4.27843 6.34115e-3
4.25101 6.34105e-3
4.22375 6.30563e-3
4.19667 6.30553e-3
4.16977 6.27031e-3
4.14303 6.27021e-3
4.11647 6.23518e-3
4.09008 6.23508e-3
4.06386 6.23499e-3
4.0378 6.20016e-3
4.01192 6.20006e-3
3.9862 6.19996e-3
3.96064 6.19987e-3
3.96064 6.16533e-3
3.96064 6.19987e-3
3.93525 6.2345e-3
3.91002 6.26933e-3
3.91002 6.30445e-3
3.88495 6.33967e-3
3.86004 6.37509e-3
3.86004 6.4108e-3
3.8353 6.44661e-3
3.81071 6.48263e-3
3.81071 6.51894e-3
3.78628 6.55536e-3
3.762 6.59198e-3
3.762 6.62891e-3
3.762 6.66605e-3
3.73788 6.70328e-3
3.71391 6.74073e-3
3.71391 6.77849e-3
3.69011 6.81636e-3
3.66645 6.85444e-3
3.66645 6.89284e-3
3.64293 6.93135e-3
3.64293 6.97018e-3
3.61959 7.00911e-3
3.61959 7.04838e-3
3.59638 7.08776e-3
3.57333 7.12735e-3
3.57333 7.16728e-3
3.55042 7.20732e-3
3.55042 7.24769e-3
3.52765 7.20721e-3
3.50504 7.16694e-3
3.48257 7.12691e-3
3.46024 7.08709e-3
3.43806 7.08698e-3
3.41601 7.04739e-3
3.39411 7.00802e-3
3.37235 6.96887e-3
3.35073 6.92994e-3
3.32925 6.89123e-3
3.30791 6.85273e-3
3.2867 6.81445e-3
3.26563 6.81434e-3
3.24469 6.77627e-3
3.22389 6.73842e-3
3.20322 6.70077e-3
3.18268 6.66334e-3
3.16228 6.62612e-3
3.142 6.5891e-3
3.142 6.55239e-3
3.142 6.51589e-3
3.12186 6.51579e-3
3.12186 6.47949e-3
3.12186 6.44339e-3
3.10185 6.4074e-3
3.10185 6.3717e-3
3.08196 6.33611e-3
3.08196 6.30081e-3
3.0622 6.26561e-3
3.0622 6.23071e-3
3.04257 6.1959e-3
3.02306 6.16129e-3
3.02306 6.12696e-3
3.00368 6.09274e-3
3.00368 6.05879e-3
2.98442 6.02495e-3
2.98442 5.99138e-3
2.96529 5.95791e-3
2.94628 5.92463e-3
2.94628 5.89162e-3
2.92739 5.85871e-3
2.92739 5.82607e-3
2.90862 5.79352e-3
2.88997 5.76116e-3
2.88997 5.72907e-3
2.87144 5.69706e-3
2.87144 5.66532e-3
2.85304 5.63367e-3
2.83474 5.6022e-3
2.83474 5.57099e-3
2.81657 5.53987e-3
2.79851 5.57082e-3
2.81657 5.57091e-3
2.79851 5.60203e-3
2.78057 5.63332e-3
2.78057 5.66488e-3
2.76274 5.69653e-3
2.76274 5.72844e-3
2.74502 5.76044e-3
2.74502 5.79271e-3
2.72743 5.82507e-3
2.70995 5.85761e-3
2.70995 5.89043e-3
2.69257 5.92333e-3
2.69257 5.95652e-3
2.69257 5.98989e-3
2.67531 6.02335e-3
2.67531 6.05709e-3
2.65816 6.09093e-3
2.65816 6.12505e-3
2.64112 6.15927e-3
2.64112 6.19377e-3
2.64112 6.22847e-3
2.62418 6.26327e-3
2.62418 6.29835e-3
2.60736 6.33354e-3
2.60736 6.36902e-3
2.59064 6.4046e-3
2.59064 6.44048e-3
2.57404 6.47646e-3
2.57404 6.51274e-3
2.57404 6.54922e-3
2.55752 6.58581e-3
2.55752 6.62271e-3
2.54114 6.6597e-3
2.54114 6.69701e-3
2.52484 6.73442e-3
2.52484 6.77215e-3
2.52484 6.81009e-3
2.50866 6.84813e-3
2.50866 6.8865e-3
2.50866 6.92508e-3
2.50866 6.96387e-3
2.50866 7.00288e-3
2.50866 7.04211e-3
2.49257 7.08145e-3
2.49257 7.12112e-3
2.49257 7.16102e-3
2.49257 7.20113e-3
2.49257 7.24148e-3
2.49257 7.28204e-3
2.49257 7.32284e-3
2.49257 7.36386e-3
2.47659 7.405e-3
2.47659 7.44648e-3
2.47659 7.4882e-3
2.47659 7.53015e-3
2.47659 7.57233e-3
2.47659 7.61475e-3
2.47659 7.65741e-3
2.47659 7.70031e-3
2.47659 7.74345e-3
2.46072 7.78671e-3
2.46072 7.83033e-3
2.46072 7.87419e-3
2.46072 7.91831e-3
2.46072 7.96267e-3
2.46072 8.00727e-3
2.46072 8.05213e-3
2.44494 8.09711e-3
2.44494 8.14247e-3
2.44494 8.18809e-3
2.44494 8.23396e-3
2.44494 8.28009e-3
2.44494 8.32647e-3
2.44494 8.37312e-3
2.44494 8.42003e-3
2.44494 8.4672e-3
2.42926 8.5145e-3
2.42926 8.5622e-3
2.42926 8.61016e-3
2.42926 8.6584e-3
2.42926 8.7069e-3
2.42926 8.75568e-3
2.42926 8.80473e-3
2.42926 8.85405e-3
2.42926 8.90366e-3
2.42926 8.95353e-3
2.42926 9.00369e-3
2.41369 9.05399e-3
2.41369 9.10471e-3
2.41369 9.15572e-3
2.41369 9.20701e-3
2.41369 9.25859e-3
2.41369 9.31046e-3
2.41369 9.36261e-3
2.39822 9.36247e-3
2.39822 9.41492e-3
2.39822 9.46766e-3
2.39822 9.5207e-3
2.39822 9.57404e-3
2.39822 9.62767e-3
2.39822 9.68161e-3
2.39822 9.73584e-3
2.39822 9.79038e-3
2.39822 9.84523e-3
2.39822 9.90038e-3
2.39822 9.95585e-3
2.39822 0.01001
2.39822 0.01007
2.39822 0.01012
2.39822 0.01018
2.39822 0.01024
2.39822 0.0103
2.38284 0.01035
2.38284 0.01041
2.38284 0.01047
2.38284 0.01053
2.38284 0.01059
2.38284 0.01065
2.38284 0.01071
2.38284 0.01077
2.38284 0.01083
2.38284 0.01089
2.38284 0.01095
2.38284 0.01101
2.38284 0.01107
2.38284 0.01113
2.38284 0.01119
2.36756 0.01126
2.36756 0.01132
2.36756 0.01138
2.36756 0.01145
2.36756 0.01151
2.36756 0.01158
2.36756 0.01164
2.36756 0.01171
2.36756 0.01177
2.36756 0.01184
2.36756 0.0119
2.36756 0.01197
2.36756 0.01204
2.36756 0.01211
2.36756 0.01217
2.36756 0.01224
2.36756 0.01231
2.36756 0.01238
2.36756 0.01245
2.36756 0.01252
2.36756 0.01259
2.35238 0.01266
2.35238 0.01273
2.35238 0.0128
2.35238 0.01287
2.35238 0.01294
2.35238 0.01302
2.35238 0.01309
2.35238 0.01316
2.35238 0.01324
2.35238 0.01331
2.35238 0.01339
2.35238 0.01346
2.35238 0.01354
2.35238 0.01361
2.35238 0.01369
2.35238 0.01376
2.35238 0.01384
2.35238 0.01392
2.35238 0.014
2.35238 0.01408
2.35238 0.01415
2.35238 0.01423
2.3373 0.01431
2.3373 0.01439
2.3373 0.01447
2.3373 0.01456
2.3373 0.01464
2.3373 0.01472
2.3373 0.0148
2.3373 0.01488
2.3373 0.01497
2.3373 0.01505
2.3373 0.01514
2.35238 0.01522
2.35238 0.01531
2.35238 0.01539
2.35238 0.01548
2.35238 0.01557
2.35238 0.01565
2.35238 0.01574
2.35238 0.01583
2.35238 0.01592
2.35238 0.01601
2.35238 0.0161
2.35238 0.01619
2.35238 0.01628
2.35238 0.01637
2.35238 0.01646
2.35238 0.01655
2.35238 0.01664
2.36756 0.01674
2.36756 0.01683
2.36756 0.01693
2.36756 0.01702
2.36756 0.01712
2.36756 0.01721
2.36756 0.01731
2.36756 0.01741
2.36756 0.0175
2.36756 0.0176
2.36756 0.0177
2.36756 0.0178
2.36756 0.0179
2.36756 0.018
2.36756 0.0181
2.36756 0.0182
2.36756 0.0183
2.36756 0.01841
2.36756 0.01851
2.36756 0.01861
2.36756 0.01872
2.36756 0.01882
2.36756 0.01893
2.36756 0.01903
2.36756 0.01914
2.36756 0.01925
2.36756 0.01935
2.36756 0.01946
2.36756 0.01957
2.36756 0.01968
2.36756 0.01979
2.36756 0.0199
2.36756 0.02001
2.36756 0.02013
2.36756 0.02024
2.36756 0.02035
2.36756 0.02047
2.36756 0.02058
2.36756 0.0207
2.36756 0.02081
2.36756 0.02093
2.36756 0.02105
2.36756 0.02116
2.36756 0.02128
2.36756 0.0214
2.38284 0.02152
2.38284 0.02164
2.38284 0.02176
2.38284 0.02189
2.38284 0.02201
2.38284 0.02213
2.38284 0.02226
2.38284 0.02238
2.38284 0.02251
2.38284 0.02263
2.38284 0.02276
2.38284 0.02289
2.38284 0.02301
2.39822 0.02314
2.39822 0.02327
2.39822 0.0234
2.39822 0.02353
2.39822 0.02367
2.39822 0.0238
2.39822 0.02393
2.39822 0.02407
2.39822 0.0242
2.41369 0.02434
2.41369 0.02447
2.41369 0.02461
2.41369 0.02475
2.41369 0.02489
2.41369 0.02503
2.41369 0.02517
2.41369 0.02531
2.41369 0.02545
2.41369 0.02559
2.41369 0.02574
2.41369 0.02588
2.42926 0.02603
2.42926 0.02617
2.42926 0.02632
2.42926 0.02646
2.42926 0.02661
2.42926 0.02676
2.42926 0.02691
2.42926 0.02706
2.42926 0.02721
2.42926 0.02737
2.42926 0.02752
2.42926 0.02767
2.42926 0.02783
2.44494 0.02799
2.44494 0.02814
2.44494 0.0283
2.44494 0.02846
2.44494 0.02862
2.44494 0.02878
2.44494 0.02894
2.44494 0.0291
2.44494 0.02927
2.44494 0.02943
2.44494 0.02959
2.44494 0.02976
2.44494 0.02993
2.44494 0.03009
2.44494 0.03026
2.46072 0.03043
2.46072 0.0306
2.46072 0.03077
2.46072 0.03095
2.46072 0.03112
2.46072 0.03129
2.46072 0.03147
2.46072 0.03165
2.46072 0.03182
2.46072 0.032
2.46072 0.03218
2.46072 0.03236
2.47659 0.03254
2.47659 0.03273
2.47659 0.03291
2.47659 0.03309
2.47659 0.03328
2.47659 0.03346
2.47659 0.03365
2.49257 0.03384
2.49257 0.03403
2.49257 0.03422
2.49257 0.03441
2.49257 0.03461
2.49257 0.0348
2.49257 0.035
2.50866 0.03519
2.50866 0.03539
2.50866 0.03559
2.50866 0.03579
2.50866 0.03599
2.50866 0.03619
2.50866 0.03639
2.52484 0.0366
2.52484 0.0368
2.52484 0.03701
2.52484 0.03721
2.54114 0.03742
2.54114 0.03763
2.54114 0.03784
2.54114 0.03806
2.55752 0.03827
2.55752 0.03848
2.55752 0.0387
2.55752 0.03892
2.55752 0.03913
2.57404 0.03935
2.57404 0.03957
2.57404 0.0398
2.57404 0.04002
2.57404 0.04024
2.59064 0.04047
2.59064 0.0407
2.59064 0.04092
2.59064 0.04115
2.59064 0.04138
2.59064 0.04162
2.60736 0.04185
2.60736 0.04208
2.60736 0.04232
2.60736 0.04256
2.62418 0.0428
2.62418 0.04304
2.62418 0.04328
2.62418 0.04352
2.64112 0.04376
2.64112 0.04401
2.64112 0.04426
2.65816 0.0445
2.65816 0.04475
2.65816 0.045
2.67531 0.04526
2.67531 0.04551
2.67531 0.04577
2.67531 0.04602
2.69257 0.04628
2.69257 0.04654
2.69257 0.0468
2.70995 0.04706
2.70995 0.04733
2.70995 0.04759
2.72743 0.04786
2.72743 0.04813
2.72743 0.0484
2.72743 0.04867
2.74502 0.04894
2.74502 0.04922
2.74502 0.04949
2.74502 0.04977
2.76274 0.05005
2.76274 0.05033
2.76274 0.05061
2.76274 0.05089
2.78057 0.05118
2.78057 0.05147
2.78057 0.05176
2.78057 0.05205
2.78057 0.05234
2.79851 0.05263
2.79851 0.05293
2.79851 0.05322
2.81657 0.05352
2.81657 0.05382
2.81657 0.05352
2.83474 0.05322
2.83474 0.05293
2.85304 0.05293
2.85304 0.05263
2.87144 0.05234
2.87144 0.05205
2.88997 0.05176
2.88997 0.05147
2.90862 0.05119
2.90862 0.0509
2.92739 0.0509
2.92739 0.05061
2.94628 0.05034
2.94628 0.05006
2.96529 0.04978
2.96529 0.0495
2.98442 0.04923
3.00368 0.04895
3.00368 0.04868
3.02306 0.04841
3.02306 0.04814
3.04257 0.04787
3.0622 0.04761
3.0622 0.04734
3.08196 0.04708
3.08196 0.04682
3.10185 0.04656
3.12186 0.0463
3.12186 0.04604
3.142 0.04578
3.16228 0.04578
3.18268 0.04578
3.20322 0.04553
3.22389 0.04553
3.24469 0.04553
3.26563 0.04553
3.2867 0.04553
3.30791 0.04553
3.32925 0.04553
3.35073 0.04554
3.37235 0.04554
3.39411 0.04579
3.41601 0.04579
3.43806 0.04579
3.46024 0.04579
3.48257 0.04579
3.50504 0.0458
3.52765 0.0458
3.55042 0.04605
3.57333 0.04631
3.59638 0.04657
3.59638 0.04683
3.61959 0.0471
3.61959 0.04736
3.64293 0.04763
3.66645 0.04789
3.66645 0.04816
3.69011 0.04843
3.69011 0.0487
3.71391 0.04898
3.71391 0.04925
3.71391 0.04953
3.73788 0.04981
3.73788 0.05009
3.762 0.05037
3.762 0.05065
3.762 0.05093
3.78628 0.05122
3.78628 0.05151
3.81071 0.05179
3.81071 0.05209
3.8353 0.05238
3.8353 0.05267
3.86004 0.05297
3.86004 0.05326
3.86004 0.05356
3.88495 0.05386
3.88495 0.05416
3.91002 0.05447
3.91002 0.05477
3.91002 0.05508
3.93525 0.05539
3.93525 0.0557
3.96064 0.05601
3.9862 0.05601
4.01192 0.05602
4.0378 0.05602
4.06386 0.05602
4.09008 0.05602
4.11647 0.05602
4.14303 0.05571
4.16977 0.05571
4.19667 0.0554
4.22375 0.0554
4.25101 0.05509
4.27843 0.05509
4.30603 0.05479
4.33383 0.05479
4.36179 0.05448
4.38994 0.05448
4.41826 0.05449
4.44677 0.05418
4.47546 0.05418
4.50434 0.05418
4.53341 0.05419
4.56266 0.05419
4.59209 0.05419
4.62173 0.05419
4.65154 0.05419
4.68157 0.05419
4.71177 0.05419
4.74217 0.05419
4.77277 0.05419
4.80357 0.05389
4.83457 0.05389
4.86575 0.05389
4.89716 0.05389
4.92876 0.05389
4.96056 0.05389
4.99257 0.0539
5.02478 0.0539
5.05721 0.0539
5.08984 0.0539
5.12268 0.0539
5.15573 0.0539
5.189 0.0539
5.22248 0.0539
5.25618 0.0542
5.2901 0.05421
5.32423 0.05421
5.35859 0.05421
5.39316 0.05421
5.42796 0.05421
5.46299 0.05421
5.49824 0.05421
5.53371 0.05421
5.56942 0.05421
5.60536 0.05421
5.64153 0.05421
5.67793 0.05421
5.71457 0.05422
5.75144 0.05452
5.78854 0.05452
5.82589 0.05452
5.86349 0.05452
5.90133 0.05452
5.93941 0.05452
5.97773 0.05453
6.0163 0.05453
6.05512 0.05453
6.09419 0.05453
6.13352 0.05453
6.17309 0.05453
6.21292 0.05453
6.25301 0.05453
6.29336 0.05453
6.33396 0.05453
6.37484 0.05453
6.41597 0.05453
6.45737 0.05454
6.49904 0.05454
6.54097 0.05484
6.58318 0.05484
6.62565 0.05484
6.66841 0.05485
6.71144 0.05485
6.75474 0.05485
6.79833 0.05485
6.8422 0.05485
6.88635 0.05485
6.93078 0.05516
6.9755 0.05516
7.02051 0.05516
7.06581 0.05516
7.1114 0.05516
7.15729 0.05516
7.20347 0.05516
7.24995 0.05516
7.29673 0.05516
7.34382 0.05517
7.3912 0.05517
7.43889 0.05517
7.48689 0.05486
7.5352 0.05486
7.58382 0.05486
7.63276 0.05486
7.68201 0.05486
7.73158 0.05486
7.78147 0.05487
7.83168 0.05487
7.88221 0.05487
7.93306 0.05487
7.98426 0.05487
8.03578 0.05487
8.08763 0.05487
8.13981 0.05487
8.19234 0.05487
8.2452 0.05487
8.2984 0.05487
8.35195 0.05488
8.40584 0.05488
8.46008 0.05488
8.51467 0.05488
8.56961 0.05519
8.6249 0.05519
8.68055 0.05519
8.73657 0.05519
8.79294 0.05519
8.84968 0.05519
8.90678 0.05519
8.96425 0.05519
9.02209 0.05519
9.08031 0.05519
9.1389 0.05519
9.19787 0.0552
9.25722 0.0552
9.31695 0.0552
9.37707 0.0552
9.43757 0.0552
9.49847 0.0552
9.55976 0.0552
9.62144 0.0552
9.68353 0.0552
9.74601 0.0552
9.8089 0.0552
9.87219 0.0552
9.93589 0.05521
10.0 0.05521
10.06453 0.05521
10.12947 0.05521
10.19483 0.05521
10.26061 0.05521
10.32682 0.05521
10.39345 0.05521
10.46052 0.05521
10.52801 0.05521
10.59594 0.05521
10.66431 0.05522
10.73313 0.05522
10.80237 0.05522
10.87209 0.05522
10.94224 0.05522
11.01284 0.05522
11.0839 0.05522
11.15542 0.05522
11.2274 0.05522
11.29985 0.05522
11.37276 0.05522
11.44614 0.05522
11.52 0.05523
11.59433 0.05523
11.66915 0.05523
11.74444 0.05523
11.82022 0.05523
11.89649 0.05523
11.97326 0.05523
12.05051 0.05523
12.12827 0.05523
12.20652 0.05523
12.28529 0.05523
12.36456 0.05524
12.44435 0.05524
12.52464 0.05524
12.60545 0.05524
12.68679 0.05524
12.76866 0.05524
12.85104 0.05524
12.93397 0.05524
13.01743 0.05524
13.10142 0.05524
13.18596 0.05524
13.27104 0.05524
13.35667 0.05525
13.44286 0.05525
13.52959 0.05525
13.6169 0.05525
13.70476 0.05525
13.79319 0.05525
13.88219 0.05525
13.97177 0.05525
14.06192 0.05525
14.15266 0.05525
14.24398 0.05525
14.33589 0.05525
14.42839 0.05526
14.52149 0.05526
14.61519 0.05526
14.7095 0.05526
14.8044 0.05526
14.89993 0.05526
14.99608 0.05526
15.09284 0.05526
15.19023 0.05526
15.28824 0.05526
15.38689 0.05526
15.48617 0.05527
15.5861 0.05527
15.68667 0.05527
15.78789 0.05527
15.88975 0.05527
15.99229 0.05527
16.09548 0.05527
16.19934 0.05527
16.30386 0.05527
16.40906 0.05527
16.51494 0.05527
16.62151 0.05497
16.72875 0.05497
16.8367 0.05497
16.94533 0.05497
17.05468 0.05497
17.16473 0.05497
17.27548 0.05497
17.38695 0.05497
17.49914 0.05497
17.61206 0.05497
17.7257 0.05498
17.84006 0.05498
17.95519 0.05498
18.07104 0.05498
18.18765 0.05498
18.305 0.05498
18.42312 0.05498
18.54199 0.05498
18.66164 0.05498
18.78205 0.05498
18.90324 0.05498
19.02522 0.05498
19.14798 0.05499
19.27153 0.05499
19.39588 0.05499
19.52103 0.05499
19.64699 0.05499
19.77376 0.05499
19.90136 0.05499
20.02977 0.05499
20.15901 0.05499
20.28909 0.05499
20.42001 0.05499
20.55176 0.055
20.68438 0.055
20.81784 0.055
20.95217 0.055
21.08737 0.055
21.22343 0.055
21.36038 0.055
21.49821 0.055
21.63692 0.055
21.77654 0.055
21.91705 0.055
22.05847 0.055
22.2008 0.05501
22.34406 0.05501
22.48823 0.05501
22.63334 0.05501
