21.91705 0.0121
21.91705 0.01217
21.77654 0.01224
21.63692 0.01224
21.49821 0.01231
21.36038 0.01238
21.22343 0.01238
21.08737 0.01244
20.95217 0.01244
20.81784 0.01251
20.68438 0.01258
20.55176 0.01258
20.42001 0.01265
20.28909 0.01272
20.15901 0.01272
20.02977 0.0128
19.90136 0.0128
19.77376 0.01287
19.64699 0.01294
19.52103 0.01301
19.39588 0.01301
19.27153 0.01308
19.14798 0.01316
19.02522 0.01323
18.90324 0.01323
18.78205 0.0133
18.66164 0.01338
18.54199 0.01345
18.42312 0.01345
18.305 0.01353
18.18765 0.0136
18.07104 0.01368
17.95519 0.01376
17.84006 0.01376
17.7257 0.01376
17.61206 0.01376
17.49914 0.01368
17.38695 0.0136
17.38695 0.01353
17.27548 0.01345
17.16473 0.01338
17.05468 0.0133
16.94533 0.01323
16.94533 0.01315
16.8367 0.01308
16.72875 0.01301
16.62151 0.01293
16.51494 0.01286
16.40906 0.01279
16.30386 0.01272
16.30386 0.01265
16.19934 0.01258
16.19934 0.01251
16.09548 0.01244
15.99229 0.01237
15.88975 0.0123
15.78789 0.01223
15.68667 0.01223
15.5861 0.01223
15.48617 0.01223
15.48617 0.01216
15.38689 0.01216
15.28824 0.01216
15.19023 0.01209
15.09284 0.01209
14.99608 0.01209
14.89993 0.01202
14.8044 0.01202
14.7095 0.01196
14.61519 0.01196
14.52149 0.01196
14.42839 0.01189
14.33589 0.01189
14.24398 0.01182
14.15266 0.01182
14.06192 0.01182
13.97177 0.01189
13.88219 0.01189
13.79319 0.01196
13.70476 0.01202
13.6169 0.01209
13.52959 0.01209
13.44286 0.01216
13.35667 0.01222
13.27104 0.01229
13.18596 0.01229
13.10142 0.01236
13.01743 0.01243
12.93397 0.0125
12.85104 0.0125
12.76866 0.01257
12.68679 0.01264
12.60545 0.01271
12.52464 0.01278
12.44435 0.01285
12.44435 0.01292
12.36456 0.013
12.36456 0.01307
12.36456 0.01314
12.28529 0.01314
12.28529 0.01322
12.20652 0.01329
12.20652 0.01336
12.12827 0.01344
12.12827 0.01351
12.05051 0.01359
11.97326 0.01367
11.97326 0.01374
11.89649 0.01382
11.82022 0.0139
11.82022 0.01397
11.74444 0.01397
11.74444 0.01405
11.74444 0.01413
11.66915 0.01421
11.66915 0.01429
11.59433 0.01437
11.59433 0.01445
11.52 0.01453
11.52 0.01461
11.44614 0.01469
11.44614 0.01478
11.44614 0.01486
11.37276 0.01494
11.37276 0.01503
11.29985 0.01511
11.29985 0.01519
11.29985 0.01528
11.2274 0.01536
11.15542 0.01528
11.0839 0.01528
11.01284 0.01519
10.94224 0.01511
10.87209 0.01511
10.80237 0.01502
10.73313 0.01502
10.66431 0.01494
10.59594 0.01494
10.59594 0.01486
10.52801 0.01486
10.46052 0.01477
10.39345 0.01477
10.32682 0.01469
10.26061 0.01469
10.19483 0.01461
10.12947 0.01453
10.06453 0.01453
10.0 0.01444
9.93589 0.01444
9.87219 0.01436
9.8089 0.01436
9.74601 0.01428
9.74601 0.0142
9.74601 0.01412
9.74601 0.01405
9.74601 0.01397
9.74601 0.01389
9.74601 0.01381
9.68353 0.01374
9.68353 0.01366
9.62144 0.01358
9.62144 0.01351
9.55976 0.01343
9.55976 0.01336
9.49847 0.01328
9.49847 0.01321
9.43757 0.01313
9.43757 0.01306
9.37707 0.01299
9.37707 0.01292
9.31695 0.01284
9.31695 0.01277
9.25722 0.0127
9.19787 0.01263
9.19787 0.01256
9.1389 0.01249
9.1389 0.01242
9.08031 0.01235
9.02209 0.01228
9.02209 0.01221
8.96425 0.01214
8.96425 0.01208
8.90678 0.01201
8.84968 0.01194
8.79294 0.01194
8.73657 0.01188
8.68055 0.01188
8.6249 0.01181
8.56961 0.01181
8.51467 0.01181
8.51467 0.01174
8.46008 0.01174
8.40584 0.01174
8.35195 0.01168
8.2984 0.01168
8.2452 0.01161
8.19234 0.01161
8.13981 0.01161
8.08763 0.01155
8.03578 0.01155
7.98426 0.01148
7.93306 0.01148
7.88221 0.01148
7.83168 0.01148
7.78147 0.01148
7.73158 0.01154
7.68201 0.01154
7.63276 0.01154
7.58382 0.01154
7.5352 0.01161
7.48689 0.01161
7.43889 0.01161
7.3912 0.01167
7.34382 0.01167
7.29673 0.01167
7.24995 0.01174
7.20347 0.01174
7.15729 0.01174
7.1114 0.0118
7.06581 0.0118
7.02051 0.01187
6.9755 0.01187
6.93078 0.01194
6.88635 0.01194
6.8422 0.012
6.79833 0.01207
6.75474 0.01207
6.71144 0.01214
6.66841 0.0122
6.62565 0.0122
6.58318 0.01227
6.54097 0.01234
6.49904 0.01234
6.45737 0.01241
6.41597 0.01248
6.37484 0.01248
6.33396 0.01255
6.29336 0.01262
6.25301 0.01262
6.21292 0.01262
6.17309 0.01269
6.13352 0.01269
6.09419 0.01276
6.05512 0.01276
6.0163 0.01276
5.97773 0.01283
5.93941 0.01283
5.90133 0.0129
5.86349 0.0129
5.82589 0.01297
5.78854 0.01297
5.75144 0.01297
5.71457 0.01305
5.67793 0.01304
5.64153 0.01312
5.60536 0.01312
5.56942 0.01319
5.53371 0.01319
5.49824 0.01326
5.46299 0.01334
5.42796 0.01334
5.39316 0.01341
5.35859 0.01349
5.32423 0.01356
5.2901 0.01356
5.25618 0.01364
5.22248 0.01371
5.189 0.01371
5.15573 0.01379
5.12268 0.01387
5.08984 0.01395
5.05721 0.01395
5.02478 0.01402
5.02478 0.0141
4.99257 0.0141
4.99257 0.01418
4.96056 0.01426
4.92876 0.01434
4.89716 0.01442
4.86575 0.0145
4.86575 0.01458
4.83457 0.01466
4.80357 0.01474
4.77277 0.01483
4.77277 0.01491
4.74217 0.01491
4.71177 0.01499
4.71177 0.01508
4.68157 0.01516
4.65154 0.01516
4.62173 0.01516
4.59209 0.01516
4.59209 0.01525
4.56266 0.01525
4.53341 0.01533
4.50434 0.01542
4.47546 0.0155
4.44677 0.01559
4.41826 0.01559
4.38994 0.01559
4.36179 0.01559
4.33383 0.01559
4.30603 0.01559
4.27843 0.01559
4.25101 0.01559
4.22375 0.01559
4.19667 0.01559
4.16977 0.01559
4.14303 0.01559
4.11647 0.01559
4.09008 0.01559
4.06386 0.01559
4.0378 0.01559
4.01192 0.01559
3.9862 0.01559
3.96064 0.01558
3.96064 0.01567
3.96064 0.01576
3.93525 0.01585
3.93525 0.01594
3.91002 0.01603
3.91002 0.01612
3.88495 0.01621
3.88495 0.0163
3.88495 0.01639
3.86004 0.01648
3.86004 0.01657
3.86004 0.01666
3.86004 0.01676
3.8353 0.01685
3.8353 0.01695
3.81071 0.01704
3.81071 0.01714
3.81071 0.01723
3.78628 0.01733
3.78628 0.01743
3.78628 0.01752
3.762 0.01762
3.762 0.01772
3.762 0.01782
3.762 0.01792
3.73788 0.01802
3.73788 0.01812
3.73788 0.01822
3.71391 0.01832
3.71391 0.01843
3.71391 0.01853
3.69011 0.01863
3.69011 0.01874
3.69011 0.01884
3.66645 0.01895
3.66645 0.01905
3.66645 0.01916
3.66645 0.01927
3.64293 0.01936
3.64293 0.01948
3.64293 0.01959
3.64293 0.0197
3.61959 0.01981
3.61959 0.01992
3.61959 0.02003
3.61959 0.02015
3.59638 0.02026
3.59638 0.02037
3.59638 0.02049
3.59638 0.0206
3.57333 0.02072
3.57333 0.02083
3.57333 0.02095
3.57333 0.02107
3.55042 0.02118
3.55042 0.0213
3.55042 0.02142
3.55042 0.02154
3.55042 0.02142
3.52765 0.0213
3.52765 0.02118
3.50504 0.02107
3.52765 0.02107
3.55042 0.02107
3.57333 0.02107
3.55042 0.02107
3.52765 0.02095
3.50504 0.02095
3.50504 0.02083
3.48257 0.02072
3.48257 0.0206
3.48257 0.02049
3.46024 0.02037
3.46024 0.02026
3.43806 0.02014
3.43806 0.02003
3.41601 0.01992
3.41601 0.01981
3.39411 0.0197
3.39411 0.01959
3.39411 0.01948
3.37235 0.01936
3.37235 0.01926
3.35073 0.01916
3.35073 0.01905
3.32925 0.01894
3.32925 0.01884
3.30791 0.01873
3.30791 0.01863
3.2867 0.01852
3.2867 0.01842
3.26563 0.01832
3.26563 0.01822
3.24469 0.01811
3.24469 0.01801
3.22389 0.01791
3.22389 0.01781
3.20322 0.01771
3.20322 0.01761
3.18268 0.01752
3.16228 0.01742
3.16228 0.01732
3.16228 0.01722
3.16228 0.01713
3.142 0.01703
3.142 0.01694
3.142 0.01684
3.142 0.01675
3.142 0.01666
3.142 0.01656
3.12186 0.01647
3.12186 0.01638
3.10185 0.01629
3.10185 0.0162
3.10185 0.01611
3.08196 0.01602
3.08196 0.01593
3.08196 0.01584
3.08196 0.01575
3.08196 0.01566
3.08196 0.01558
3.0622 0.01549
3.0622 0.0154
3.0622 0.01532
3.0622 0.01523
3.0622 0.01515
3.04257 0.01506
3.04257 0.01498
3.04257 0.01489
3.04257 0.01481
3.04257 0.01473
3.02306 0.01465
3.02306 0.01456
3.02306 0.01448
3.00368 0.0144
3.00368 0.01432
3.00368 0.01424
2.98442 0.01416
2.98442 0.01408
2.98442 0.01401
2.96529 0.01393
2.96529 0.01385
2.96529 0.01377
2.94628 0.0137
2.94628 0.01362
2.94628 0.01354
2.92739 0.01347
2.92739 0.01339
2.90862 0.01332
2.90862 0.01324
2.90862 0.01317
2.88997 0.0131
2.88997 0.01302
2.87144 0.01295
2.87144 0.01288
2.87144 0.01281
2.85304 0.01274
2.85304 0.01266
2.83474 0.01259
2.83474 0.01252
2.83474 0.01245
2.81657 0.01238
2.79851 0.01245
2.81657 0.01245
2.79851 0.01252
2.81657 0.01252
2.79851 0.01252
2.78057 0.01259
2.76274 0.01266
2.74502 0.01273
2.74502 0.01281
2.72743 0.01288
2.70995 0.01295
2.70995 0.01302
2.69257 0.01309
2.67531 0.01317
2.67531 0.01324
2.67531 0.01332
2.65816 0.01339
2.64112 0.01346
2.64112 0.01354
2.62418 0.01362
2.62418 0.01369
2.60736 0.01377
2.59064 0.01385
2.59064 0.01392
2.57404 0.014
2.57404 0.01408
2.55752 0.01408
2.55752 0.01416
2.55752 0.01424
2.54114 0.01432
2.54114 0.0144
2.54114 0.01448
2.52484 0.01456
2.52484 0.01464
2.52484 0.01472
2.50866 0.0148
2.50866 0.01489
2.50866 0.01497
2.49257 0.01505
2.49257 0.01514
2.49257 0.01522
2.47659 0.01531
2.47659 0.01539
2.49257 0.01548
2.49257 0.01557
2.49257 0.01565
2.49257 0.01574
2.49257 0.01583
2.49257 0.01592
2.49257 0.01601
2.49257 0.0161
2.49257 0.01619
2.49257 0.01628
2.49257 0.01637
2.49257 0.01646
2.49257 0.01655
2.49257 0.01665
2.47659 0.01674
2.47659 0.01683
2.47659 0.01693
2.47659 0.01702
2.47659 0.01712
2.47659 0.01721
2.47659 0.01731
2.47659 0.01741
2.47659 0.0175
2.47659 0.0176
2.47659 0.0177
2.47659 0.0178
2.47659 0.0179
2.47659 0.018
2.47659 0.0181
2.47659 0.0182
2.46072 0.0183
2.46072 0.01841
2.46072 0.01851
2.46072 0.01861
2.46072 0.01872
2.46072 0.01882
2.46072 0.01893
2.46072 0.01903
2.46072 0.01914
2.46072 0.01925
2.46072 0.01936
2.46072 0.01946
2.46072 0.01957
2.46072 0.01968
2.46072 0.01979
2.46072 0.0199
2.46072 0.02002
2.46072 0.02013
2.46072 0.02024
2.46072 0.02035
2.46072 0.02047
2.44494 0.02058
2.44494 0.0207
2.44494 0.02081
2.44494 0.02093
2.44494 0.02105
2.44494 0.02117
2.44494 0.02128
2.44494 0.0214
2.44494 0.02152
2.44494 0.02164
2.44494 0.02177
2.44494 0.02189
2.44494 0.02201
2.44494 0.02213
2.44494 0.02226
2.44494 0.02238
2.44494 0.02251
2.44494 0.02263
2.44494 0.02276
2.44494 0.02289
2.44494 0.02302
2.44494 0.02314
2.46072 0.02327
2.46072 0.02341
2.46072 0.02354
2.46072 0.02367
2.46072 0.0238
2.46072 0.02393
2.46072 0.02407
2.46072 0.0242
2.46072 0.02434
2.46072 0.02447
2.47659 0.02461
2.47659 0.02475
2.47659 0.02489
2.47659 0.02503
2.47659 0.02517
2.47659 0.02531
2.47659 0.02545
2.47659 0.02559
2.47659 0.02574
2.47659 0.02588
2.47659 0.02603
2.47659 0.02617
2.47659 0.02632
2.47659 0.02647
2.47659 0.02661
2.47659 0.02676
2.47659 0.02691
2.49257 0.02706
2.49257 0.02722
2.49257 0.02737
2.49257 0.02752
2.49257 0.02768
2.49257 0.02783
2.49257 0.02799
2.49257 0.02814
2.49257 0.0283
2.49257 0.02846
2.49257 0.02862
2.49257 0.02878
2.49257 0.02894
2.49257 0.0291
2.49257 0.02927
2.49257 0.02943
2.49257 0.0296
2.50866 0.02976
2.50866 0.02993
2.50866 0.0301
2.50866 0.03026
2.50866 0.03043
2.50866 0.0306
2.50866 0.03078
2.50866 0.03095
2.50866 0.03112
2.50866 0.0313
2.50866 0.03147
2.50866 0.03165
2.50866 0.03183
2.52484 0.032
2.52484 0.03218
2.54114 0.03236
2.54114 0.03255
2.55752 0.03273
2.55752 0.03291
2.57404 0.0331
2.57404 0.03328
2.59064 0.03346
2.59064 0.03366
2.60736 0.03385
2.60736 0.03403
2.62418 0.03423
2.62418 0.03442
2.64112 0.03461
2.64112 0.03481
2.64112 0.035
2.65816 0.0352
2.65816 0.03539
2.67531 0.03559
2.67531 0.03579
2.67531 0.03599
2.69257 0.03619
2.69257 0.0364
2.70995 0.0366
2.70995 0.03681
2.70995 0.03701
2.72743 0.03722
2.72743 0.03743
2.72743 0.03764
2.74502 0.03785
2.74502 0.03806
2.74502 0.03828
2.76274 0.03849
2.76274 0.03871
2.76274 0.03892
2.76274 0.03914
2.78057 0.03936
2.78057 0.03958
2.78057 0.0398
2.79851 0.04003
2.79851 0.04025
2.79851 0.04048
2.79851 0.0407
2.81657 0.04093
2.81657 0.04116
2.83474 0.04093
2.83474 0.04071
2.81657 0.0407
2.83474 0.04048
2.81657 0.04048
2.83474 0.04025
2.85304 0.04003
2.85304 0.03981
2.85304 0.03958
2.87144 0.03936
2.87144 0.03915
2.87144 0.03893
2.87144 0.03871
2.87144 0.03849
2.88997 0.03828
2.88997 0.03807
2.88997 0.03786
2.90862 0.03765
2.90862 0.03744
2.90862 0.03723
2.92739 0.03702
2.92739 0.03681
2.92739 0.03661
2.94628 0.03641
2.94628 0.0362
2.96529 0.036
2.96529 0.0358
2.96529 0.0356
2.98442 0.0354
2.98442 0.03521
2.98442 0.03501
3.00368 0.03482
3.00368 0.03462
3.02306 0.03443
3.02306 0.03424
3.02306 0.03405
3.04257 0.03386
3.04257 0.03367
3.0622 0.03348
3.0622 0.0333
3.08196 0.03311
3.08196 0.03293
3.08196 0.03274
3.10185 0.03256
3.10185 0.03238
3.12186 0.0322
3.12186 0.03202
3.12186 0.03184
3.142 0.03167
3.142 0.03149
3.142 0.03131
3.142 0.03114
3.142 0.03097
3.142 0.03079
3.142 0.03062
3.142 0.03045
3.16228 0.03028
3.16228 0.03011
3.16228 0.02995
3.16228 0.02978
3.16228 0.02961
3.18268 0.02945
3.18268 0.02928
3.20322 0.02912
3.20322 0.02896
3.20322 0.0288
3.22389 0.02864
3.22389 0.02848
3.22389 0.02832
3.24469 0.02816
3.24469 0.02801
3.24469 0.02785
3.26563 0.02769
3.26563 0.02754
3.26563 0.02739
3.2867 0.02723
3.2867 0.02708
3.30791 0.02693
3.30791 0.02678
3.30791 0.02663
3.32925 0.02649
3.32925 0.02634
3.32925 0.02619
3.35073 0.02605
3.35073 0.0259
3.37235 0.02576
3.37235 0.02561
3.37235 0.02547
3.39411 0.02533
3.39411 0.02519
3.41601 0.02505
3.41601 0.02491
3.41601 0.02477
3.43806 0.02463
3.43806 0.02449
3.46024 0.02436
3.46024 0.02422
3.46024 0.02409
3.48257 0.02395
3.48257 0.02382
3.50504 0.02369
3.50504 0.02356
3.50504 0.02343
3.52765 0.0233
3.52765 0.02317
3.52765 0.02304
3.55042 0.02304
3.55042 0.02317
3.57333 0.0233
3.55042 0.0233
3.57333 0.02343
3.55042 0.02343
3.52765 0.02343
3.55042 0.02343
3.57333 0.02356
3.57333 0.02369
3.57333 0.02382
3.57333 0.02396
3.59638 0.02409
3.59638 0.02423
3.59638 0.02436
3.59638 0.0245
3.59638 0.02463
3.59638 0.02477
3.59638 0.02491
3.61959 0.02505
3.61959 0.02519
3.61959 0.02533
3.61959 0.02547
3.61959 0.02562
3.61959 0.02576
3.64293 0.02591
3.64293 0.02605
3.64293 0.0262
3.64293 0.02634
3.64293 0.02649
3.64293 0.02664
3.66645 0.02679
3.66645 0.02694
3.66645 0.02709
3.66645 0.02724
3.66645 0.02739
3.66645 0.02755
3.66645 0.0277
3.69011 0.02786
3.69011 0.02801
3.69011 0.02817
3.69011 0.02833
3.69011 0.02849
3.69011 0.02865
3.69011 0.02881
3.69011 0.02897
3.71391 0.02913
3.71391 0.02929
3.71391 0.02946
3.71391 0.02962
3.71391 0.02979
3.71391 0.02996
3.71391 0.03012
3.71391 0.03029
3.73788 0.03046
3.73788 0.03063
3.73788 0.03081
3.73788 0.03098
3.73788 0.03115
3.73788 0.03133
3.73788 0.0315
3.73788 0.03168
3.762 0.03186
3.762 0.03203
3.78628 0.03221
3.81071 0.0324
3.81071 0.03258
3.8353 0.03276
3.8353 0.03294
3.86004 0.03313
3.88495 0.03331
3.88495 0.0335
3.91002 0.03369
3.93525 0.03388
3.93525 0.03407
3.96064 0.03426
3.96064 0.03445
3.9862 0.03445
4.01192 0.03445
4.0378 0.03445
4.06386 0.03465
4.09008 0.03465
4.11647 0.03465
4.14303 0.03465
4.16977 0.03465
4.19667 0.03465
4.22375 0.03465
4.25101 0.03465
4.27843 0.03465
4.30603 0.03465
4.33383 0.03465
4.36179 0.03465
4.38994 0.03465
4.41826 0.03465
4.44677 0.03465
4.47546 0.03466
4.47546 0.03485
4.50434 0.03505
4.53341 0.03524
4.56266 0.03544
4.56266 0.03564
4.59209 0.03584
4.62173 0.03604
4.62173 0.03624
4.65154 0.03645
4.65154 0.03665
4.68157 0.03686
4.71177 0.03706
4.71177 0.03727
4.71177 0.03748
4.74217 0.03769
4.74217 0.0379
4.77277 0.03811
4.77277 0.03833
4.80357 0.03854
4.80357 0.03876
4.83457 0.03898
4.83457 0.03919
4.86575 0.03942
4.86575 0.03964
4.89716 0.03986
4.89716 0.04008
4.92876 0.04031
4.92876 0.04053
4.96056 0.04076
4.96056 0.04099
4.96056 0.04122
4.99257 0.04145
4.99257 0.04168
5.02478 0.04192
5.05721 0.04215
5.05721 0.04239
5.08984 0.04263
5.12268 0.04287
5.15573 0.04311
5.189 0.04335
5.22248 0.04335
5.25618 0.04359
5.2901 0.04359
5.32423 0.04384
5.35859 0.04408
5.39316 0.04433
5.39316 0.04458
5.42796 0.04458
5.46299 0.04458
5.46299 0.04483
5.49824 0.04483
5.53371 0.04508
5.56942 0.04509
5.60536 0.04534
5.64153 0.04534
5.67793 0.04534
5.71457 0.04534
5.75144 0.04534
5.78854 0.04534
5.82589 0.04534
5.86349 0.04534
5.90133 0.04534
5.93941 0.04534
5.97773 0.04535
6.0163 0.04535
6.05512 0.04535
6.09419 0.04535
6.13352 0.04535
6.17309 0.04535
6.21292 0.04535
6.25301 0.04535
6.29336 0.04535
6.33396 0.04535
6.37484 0.04561
6.41597 0.04561
6.45737 0.04586
6.49904 0.04612
6.54097 0.04612
6.58318 0.04638
6.62565 0.04638
6.66841 0.04664
6.71144 0.04664
6.75474 0.0469
6.79833 0.04717
6.8422 0.04717
6.88635 0.04743
6.93078 0.0477
6.9755 0.0477
7.02051 0.04797
7.06581 0.04797
7.1114 0.04824
7.15729 0.04824
7.20347 0.04851
7.24995 0.04851
7.29673 0.04851
7.34382 0.04879
7.3912 0.04879
7.43889 0.04879
7.48689 0.04906
7.5352 0.04906
7.58382 0.04934
7.63276 0.04934
7.68201 0.04934
7.73158 0.04962
7.78147 0.04962
7.83168 0.0499
7.88221 0.0499
7.93306 0.0499
7.98426 0.0499
8.03578 0.0499
8.08763 0.0499
8.13981 0.0499
8.19234 0.04962
8.2452 0.04962
8.2984 0.04962
8.35195 0.04935
8.40584 0.04935
8.46008 0.04935
8.51467 0.04908
8.56961 0.04908
8.6249 0.04908
8.68055 0.04908
8.73657 0.04881
8.79294 0.04881
8.84968 0.04881
8.90678 0.04854
8.96425 0.04827
8.96425 0.048
9.02209 0.04773
9.02209 0.04747
9.08031 0.0472
9.1389 0.04694
9.1389 0.04668
9.19787 0.04642
9.19787 0.04616
9.25722 0.0459
9.31695 0.04565
9.31695 0.04539
9.31695 0.04514
9.37707 0.04489
9.37707 0.04464
9.43757 0.04439
9.43757 0.04415
9.49847 0.0439
9.49847 0.04366
9.55976 0.04341
9.55976 0.04317
9.62144 0.04293
9.62144 0.04269
9.68353 0.04245
9.68353 0.04222
9.74601 0.04198
9.74601 0.04175
9.74601 0.04152
9.74601 0.04129
9.8089 0.04106
9.8089 0.04083
9.8089 0.0406
9.8089 0.04037
9.87219 0.04015
9.87219 0.03993
9.87219 0.0397
9.93589 0.03948
9.93589 0.03926
9.93589 0.03904
9.93589 0.03883
10.0 0.03861
10.06453 0.03861
10.12947 0.03861
10.19483 0.03861
10.26061 0.03861
10.32682 0.03861
10.39345 0.03862
10.46052 0.03862
10.52801 0.03862
10.59594 0.03862
10.66431 0.03862
10.73313 0.03862
10.80237 0.03862
10.87209 0.0384
10.94224 0.0384
11.01284 0.03841
11.0839 0.03841
11.15542 0.03841
11.2274 0.03841
11.2274 0.03862
11.29985 0.03884
11.29985 0.03906
11.29985 0.03928
11.37276 0.0395
11.37276 0.03972
11.37276 0.03994
11.37276 0.04016
11.44614 0.04039
11.44614 0.04062
11.44614 0.04084
11.44614 0.04107
11.52 0.0413
11.52 0.04153
11.52 0.04177
11.52 0.042
11.59433 0.04224
11.59433 0.04247
11.59433 0.04271
11.66915 0.04295
11.66915 0.04319
11.74444 0.04343
11.82022 0.04368
11.82022 0.04392
11.89649 0.04417
11.89649 0.04442
11.97326 0.04467
11.97326 0.04492
12.05051 0.04517
12.12827 0.04542
12.12827 0.04568
12.20652 0.04593
12.28529 0.04619
12.28529 0.04645
12.36456 0.04671
12.44435 0.04697
12.44435 0.04724
12.52464 0.0475
12.52464 0.04777
12.60545 0.04777
12.68679 0.04804
12.76866 0.04831
12.85104 0.04858
12.93397 0.04858
13.01743 0.04885
13.10142 0.04913
13.18596 0.04913
13.27104 0.04939
13.35667 0.04941
13.35667 0.04968
13.44286 0.04968
13.52959 0.04996
13.6169 0.05024
13.70476 0.05024
13.79319 0.05053
13.88219 0.05081
13.97177 0.05109
14.06192 0.0511
14.15266 0.05138
14.24398 0.05138
14.33589 0.0511
14.42839 0.0511
14.52149 0.0511
14.61519 0.05082
14.7095 0.05082
14.8044 0.05082
14.89993 0.05082
14.99608 0.05054
15.09284 0.05054
15.19023 0.05054
15.28824 0.05026
15.38689 0.05026
15.48617 0.05026
15.5861 0.04998
15.68667 0.04998
15.78789 0.04998
15.88975 0.0497
15.99229 0.04943
16.09548 0.04915
16.19934 0.04888
16.19934 0.04861
16.30386 0.04834
16.40906 0.04807
16.51494 0.0478
16.62151 0.04754
16.72875 0.04727
16.8367 0.04701
16.94533 0.04675
17.05468 0.04649
17.16473 0.04623
17.16473 0.04597
17.27548 0.04597
17.27548 0.04572
17.38695 0.04546
17.49914 0.04521
17.61206 0.04496
17.7257 0.04471
17.7257 0.04446
17.84006 0.04471
17.95519 0.04471
18.07104 0.04496
18.18765 0.04521
18.305 0.04547
18.42312 0.04572
18.54199 0.04598
18.66164 0.04598
18.78205 0.04624
18.90324 0.0465
19.02522 0.04676
19.14798 0.04676
19.27153 0.04702
19.39588 0.04729
19.52103 0.04755
19.64699 0.04756
19.77376 0.04782
19.90136 0.04809
20.02977 0.04836
20.15901 0.04836
20.28909 0.04863
20.42001 0.04891
20.55176 0.04891
20.68438 0.04918
20.81784 0.04918
20.95217 0.04946
21.08737 0.04946
21.22343 0.04974
