# Signal : (cosmic) Background plot datapoints
# start [MeV]   end [MeV]   BG [mHz/MeV]    dBG IBD [mHz/MeV]   dIBD
0.0     0.2     7.348   0.245   0.004   0.000
0.2     0.4     2.153   0.157   0.013   0.000
0.4     0.6     0.986   0.098   0.066   0.001
0.6     0.8     0.781   0.092   0.187   0.002
0.8     1.0     0.842   0.094   0.578   0.003
1.0     1.2     0.889   0.134   1.063   0.004
1.2     1.4     0.738   0.113   1.587   0.005
1.4     1.6     0.655   0.058   2.068   0.006
1.6     1.8     0.671   0.111   2.534   0.007
1.8     2.0     0.725   0.091   2.932   0.007
2.0     2.2     0.758   0.113   3.227   0.008
2.2     2.4     0.614   0.056   3.441   0.008
2.4     2.6     0.540   0.085   3.561   0.008
2.6     2.8     0.486   0.050   3.613   0.008
2.8     3.0     0.525   0.085   3.594   0.008
3.0     3.2     0.564   0.109   3.510   0.008
3.2     3.4     0.374   0.044   3.316   0.008
3.4     3.6     0.384   0.044   3.091   0.007
3.6     3.8     0.287   0.038   2.860   0.007
3.8     4.0     0.358   0.043   2.648   0.007
4.0     4.2     0.595   0.110   2.433   0.007
4.2     4.4     0.727   0.061   2.203   0.006
4.4     4.6     1.030   0.119   1.972   0.006
4.6     4.8     0.548   0.053   1.739   0.006
4.8     5.0     0.496   0.050   1.500   0.005
5.0     5.2     0.610   0.110   1.290   0.005
5.2     5.4     0.557   0.128   1.077   0.004
5.4     5.6     0.397   0.081   0.891   0.004
5.6     5.8     0.307   0.040   0.724   0.004
5.8     6.0     0.322   0.041   0.565   0.003
6.0     6.2     0.407   0.081   0.432   0.003
6.2     6.4     0.246   0.035   0.315   0.002
6.4     6.6     0.372   0.080   0.239   0.002
6.6     6.8     0.266   0.037   0.181   0.002
6.8     7.0     0.251   0.036   0.131   0.002
7.0     7.2     0.346   0.079   0.089   0.001
7.2     7.4     0.266   0.037   0.065   0.001
7.4     7.6     0.310   0.078   0.045   0.001
7.6     7.8     0.271   0.037   0.036   0.001
7.8     8.0     0.320   0.078   0.027   0.001
8.0     8.2     0.336   0.079   0.021   0.001
8.2     8.4     0.366   0.080   0.016   0.001
8.4     8.6     0.215   0.033   0.013   0.000
8.6     8.8     0.279   0.077   0.009   0.000
8.8     9.0     0.287   0.038   0.006   0.000
9.0     9.2     0.287   0.038   0.004   0.000
9.2     9.4     0.240   0.035   0.002   0.000
9.4     9.6     0.305   0.078   0.001   0.000
9.6     9.8     0.312   0.040   0.000   0.000
9.8     10.0    0.184   0.031   0.000   0.000
10.0    10.2    0.312   0.040   0.000   0.000
10.2    10.4    0.200   0.032   0.000   0.000
10.4    10.6    0.256   0.036   0.000   0.000
10.6    10.8    0.261   0.037   0.000   0.000
10.8    11.0    0.251   0.036   0.000   0.000
11.0    11.2    0.246   0.035   0.000   0.000
11.2    11.4    0.200   0.032   0.000   0.000
11.4    11.6    0.220   0.034   0.000   0.000
11.6    11.8    0.261   0.037   0.000   0.000
11.8    12.0    0.200   0.032   0.000   0.000
