# Created by O. Kyzylova
# U235 cross-section and spectrum from Huber model
# 0-2, 8-10 MeV - parametrization based on parametrization formula from Huber article
# 2-8 MeV - spline interpolation based on table data points from Huber article
# AntiNuEnergy	IBDCrossSection	AntiNuFlux


0.005	0	2.35962E19
0.015	0	2.255E19
0.025	0	2.15591E19
0.035	0	2.06202E19
0.045	0	1.97303E19
0.055	0	1.88865E19
0.065	0	1.8086E19
0.075	0	1.73264E19
0.085	0	1.66053E19
0.095	0	1.59205E19
0.105	0	1.52698E19
0.115	0	1.46515E19
0.125	0	1.40635E19
0.135	0	1.35044E19
0.145	0	1.29723E19
0.155	0	1.24659E19
0.165	0	1.19838E19
0.175	0	1.15245E19
0.185	0	1.10869E19
0.195	0	1.06698E19
0.205	0	1.02721E19
0.215	0	9.89277E18
0.225	0	9.53083E18
0.235	0	9.18536E18
0.245	0	8.85551E18
0.255	0	8.54046E18
0.265	0	8.23946E18
0.275	0	7.95177E18
0.285	0	7.67672E18
0.295	0	7.41368E18
0.305	0	7.16202E18
0.315	0	6.9212E18
0.325	0	6.69066E18
0.335	0	6.46989E18
0.345	0	6.25843E18
0.355	0	6.0558E18
0.365	0	5.8616E18
0.375	0	5.6754E18
0.385	0	5.49682E18
0.395	0	5.3255E18
0.405	0	5.16111E18
0.415	0	5.0033E18
0.425	0	4.85178E18
0.435	0	4.70624E18
0.445	0	4.56643E18
0.455	0	4.43206E18
0.465	0	4.3029E18
0.475	0	4.1787E18
0.485	0	4.05925E18
0.495	0	3.94432E18
0.505	0	3.83372E18
0.515	0	3.72727E18
0.525	0	3.62476E18
0.535	0	3.52603E18
0.545	0	3.43093E18
0.555	0	3.33928E18
0.565	0	3.25094E18
0.575	0	3.16578E18
0.585	0	3.08365E18
0.595	0	3.00442E18
0.605	0	2.92799E18
0.615	0	2.85422E18
0.625	0	2.783E18
0.635	0	2.71425E18
0.645	0	2.64784E18
0.655	0	2.58369E18
0.665	0	2.52171E18
0.675	0	2.4618E18
0.685	0	2.40389E18
0.695	0	2.34789E18
0.705	0	2.29373E18
0.715	0	2.24134E18
0.725	0	2.19065E18
0.735	0	2.14159E18
0.745	0	2.09409E18
0.755	0	2.04811E18
0.765	0	2.00357E18
0.775	0	1.96044E18
0.785	0	1.91864E18
0.795	0	1.87814E18
0.805	0	1.83888E18
0.815	0	1.80082E18
0.825	0	1.76391E18
0.835	0	1.72812E18
0.845	0	1.69339E18
0.855	0	1.6597E18
0.865	0	1.627E18
0.875	0	1.59526E18
0.885	0	1.56444E18
0.895	0	1.53452E18
0.905	0	1.50545E18
0.915	0	1.47722E18
0.925	0	1.44979E18
0.935	0	1.42313E18
0.945	0	1.39721E18
0.955	0	1.37202E18
0.965	0	1.34752E18
0.975	0	1.3237E18
0.985	0	1.30053E18
0.995	0	1.27798E18
1.005	0	1.25604E18
1.015	0	1.23469E18
1.025	0	1.2139E18
1.035	0	1.19366E18
1.045	0	1.17396E18
1.055	0	1.15476E18
1.065	0	1.13607E18
1.075	0	1.11785E18
1.085	0	1.1001E18
1.095	0	1.0828E18
1.105	0	1.06594E18
1.115	0	1.04949E18
1.125	0	1.03346E18
1.135	0	1.01783E18
1.145	0	1.00257E18
1.155	0	9.87692E17
1.165	0	9.73172E17
1.175	0	9.59002E17
1.185	0	9.4517E17
1.195	0	9.31667E17
1.205	0	9.18483E17
1.215	0	9.05608E17
1.225	0	8.93033E17
1.235	0	8.80748E17
1.245	0	8.68746E17
1.255	0	8.57018E17
1.265	0	8.45556E17
1.275	0	8.34352E17
1.285	0	8.23399E17
1.295	0	8.12689E17
1.305	0	8.02216E17
1.315	0	7.91973E17
1.325	0	7.81952E17
1.335	0	7.72148E17
1.345	0	7.62555E17
1.355	0	7.53167E17
1.365	0	7.43977E17
1.375	0	7.34981E17
1.385	0	7.26173E17
1.395	0	7.17548E17
1.405	0	7.091E17
1.415	0	7.00826E17
1.425	0	6.9272E17
1.435	0	6.84777E17
1.445	0	6.76994E17
1.455	0	6.69365E17
1.465	0	6.61887E17
1.475	0	6.54556E17
1.485	0	6.47368E17
1.495	0	6.40319E17
1.505	0	6.33405E17
1.515	0	6.26622E17
1.525	0	6.19969E17
1.535	0	6.1344E17
1.545	0	6.07033E17
1.555	0	6.00744E17
1.565	0	5.94571E17
1.575	0	5.8851E17
1.585	0	5.82559E17
1.595	0	5.76715E17
1.605	0	5.70975E17
1.615	0	5.65337E17
1.625	0	5.59797E17
1.635	0	5.54354E17
1.645	0	5.49005E17
1.655	0	5.43747E17
1.665	0	5.38579E17
1.675	0	5.33498E17
1.685	0	5.28502E17
1.695	0	5.23589E17
1.705	0	5.18756E17
1.715	0	5.14003E17
1.725	0	5.09327E17
1.735	0	5.04725E17
1.745	0	5.00197E17
1.755	0	4.9574E17
1.765	0	4.91354E17
1.775	0	4.87035E17
1.785	0	4.82782E17
1.795	0	4.78595E17
1.805	1.559E-45	4.74471E17
1.815	5.29729E-45	4.70408E17
1.825	7.4955E-45	4.66406E17
1.835	9.32248E-45	4.62463E17
1.845	1.09707E-44	4.58578E17
1.855	1.25158E-44	4.54748E17
1.865	1.39963E-44	4.50974E17
1.875	1.54347E-44	4.47253E17
1.885	1.68457E-44	4.43584E17
1.895	1.8239E-44	4.39967E17
1.905	1.96218E-44	4.36399E17
1.915	2.09992E-44	4.32881E17
1.925	2.23753E-44	4.2941E17
1.935	2.37532E-44	4.25985E17
1.945	2.51353E-44	4.22606E17
1.955	2.65236E-44	4.19272E17
1.965	2.79198E-44	4.15981E17
1.975	2.93251E-44	4.12732E17
1.985	3.07408E-44	4.09525E17
1.995	3.21678E-44	4.05585E17
2.005	3.36069E-44	4.03134E17
2.015	3.50588E-44	4.00684E17
2.025	3.65241E-44	3.98233E17
2.035	3.80034E-44	3.95782E17
2.045	3.94971E-44	3.93332E17
2.055	4.10056E-44	3.90881E17
2.065	4.25293E-44	3.8843E17
2.075	4.40684E-44	3.8598E17
2.085	4.56234E-44	3.83529E17
2.095	4.71944E-44	3.81078E17
2.105	4.87816E-44	3.78628E17
2.115	5.03853E-44	3.76177E17
2.125	5.20057E-44	3.73726E17
2.135	5.36429E-44	3.71276E17
2.145	5.5297E-44	3.68825E17
2.155	5.69683E-44	3.66374E17
2.165	5.86568E-44	3.63924E17
2.175	6.03626E-44	3.61473E17
2.185	6.20859E-44	3.59022E17
2.195	6.38268E-44	3.56572E17
2.205	6.55853E-44	3.54121E17
2.215	6.73615E-44	3.5167E17
2.225	6.91556E-44	3.4922E17
2.235	7.09675E-44	3.46769E17
2.245	7.27973E-44	3.44318E17
2.255	7.46452E-44	3.41837E17
2.265	7.65111E-44	3.39325E17
2.275	7.83951E-44	3.36813E17
2.285	8.02972E-44	3.34301E17
2.295	8.22176E-44	3.31789E17
2.305	8.41562E-44	3.29277E17
2.315	8.61131E-44	3.26765E17
2.325	8.80883E-44	3.24254E17
2.335	9.00819E-44	3.21742E17
2.345	9.20939E-44	3.1923E17
2.355	9.41243E-44	3.16718E17
2.365	9.61731E-44	3.14206E17
2.375	9.82404E-44	3.11694E17
2.385	1.00326E-43	3.09182E17
2.395	1.02431E-43	3.0667E17
2.405	1.04553E-43	3.04158E17
2.415	1.06695E-43	3.01646E17
2.425	1.08855E-43	2.99134E17
2.435	1.11034E-43	2.96622E17
2.445	1.13231E-43	2.9411E17
2.455	1.15447E-43	2.91598E17
2.465	1.17681E-43	2.89086E17
2.475	1.19935E-43	2.86575E17
2.485	1.22206E-43	2.84063E17
2.495	1.24497E-43	2.81551E17
2.505	1.26806E-43	2.79406E17
2.515	1.29134E-43	2.7763E17
2.525	1.31481E-43	2.75853E17
2.535	1.33847E-43	2.74076E17
2.545	1.36231E-43	2.72299E17
2.555	1.38634E-43	2.70523E17
2.565	1.41056E-43	2.68746E17
2.575	1.43497E-43	2.66969E17
2.585	1.45956E-43	2.65192E17
2.595	1.48435E-43	2.63416E17
2.605	1.50932E-43	2.61639E17
2.615	1.53448E-43	2.59862E17
2.625	1.55982E-43	2.58086E17
2.635	1.58536E-43	2.56309E17
2.645	1.61108E-43	2.54532E17
2.655	1.637E-43	2.52755E17
2.665	1.6631E-43	2.50979E17
2.675	1.68939E-43	2.49202E17
2.685	1.71587E-43	2.47425E17
2.695	1.74253E-43	2.45648E17
2.705	1.76939E-43	2.43872E17
2.715	1.79644E-43	2.42095E17
2.725	1.82367E-43	2.40318E17
2.735	1.85109E-43	2.38542E17
2.745	1.8787E-43	2.36765E17
2.755	1.90651E-43	2.35147E17
2.765	1.9345E-43	2.33689E17
2.775	1.96268E-43	2.32231E17
2.785	1.99104E-43	2.30773E17
2.795	2.0196E-43	2.29315E17
2.805	2.04835E-43	2.27857E17
2.815	2.07728E-43	2.26398E17
2.825	2.10641E-43	2.2494E17
2.835	2.13572E-43	2.23482E17
2.845	2.16523E-43	2.22024E17
2.855	2.19492E-43	2.20566E17
2.865	2.2248E-43	2.19108E17
2.875	2.25488E-43	2.1765E17
2.885	2.28514E-43	2.16191E17
2.895	2.31559E-43	2.14733E17
2.905	2.34623E-43	2.13275E17
2.915	2.37706E-43	2.11817E17
2.925	2.40808E-43	2.10359E17
2.935	2.43929E-43	2.08901E17
2.945	2.47069E-43	2.07443E17
2.955	2.50228E-43	2.05984E17
2.965	2.53406E-43	2.04526E17
2.975	2.56602E-43	2.03068E17
2.985	2.59818E-43	2.0161E17
2.995	2.63053E-43	2.00152E17
3.005	2.66307E-43	1.98822E17
3.015	2.69579E-43	1.97622E17
3.025	2.72871E-43	1.96421E17
3.035	2.76182E-43	1.9522E17
3.045	2.79511E-43	1.94019E17
3.055	2.8286E-43	1.92818E17
3.065	2.86227E-43	1.91617E17
3.075	2.89614E-43	1.90417E17
3.085	2.93019E-43	1.89216E17
3.095	2.96444E-43	1.88015E17
3.105	2.99888E-43	1.86814E17
3.115	3.0335E-43	1.85613E17
3.125	3.06832E-43	1.84412E17
3.135	3.10332E-43	1.83212E17
3.145	3.13851E-43	1.82011E17
3.155	3.1739E-43	1.8081E17
3.165	3.20947E-43	1.79609E17
3.175	3.24524E-43	1.78408E17
3.185	3.28119E-43	1.77208E17
3.195	3.31734E-43	1.76007E17
3.205	3.35367E-43	1.74806E17
3.215	3.3902E-43	1.73605E17
3.225	3.42691E-43	1.72404E17
3.235	3.46382E-43	1.71203E17
3.245	3.50091E-43	1.70003E17
3.255	3.53819E-43	1.68796E17
3.265	3.57567E-43	1.67583E17
3.275	3.61333E-43	1.66369E17
3.285	3.65119E-43	1.65156E17
3.295	3.68923E-43	1.63943E17
3.305	3.72747E-43	1.6273E17
3.315	3.76589E-43	1.61517E17
3.325	3.80451E-43	1.60304E17
3.335	3.84331E-43	1.59091E17
3.345	3.88231E-43	1.57878E17
3.355	3.92149E-43	1.56665E17
3.365	3.96087E-43	1.55452E17
3.375	4.00043E-43	1.54239E17
3.385	4.04019E-43	1.53026E17
3.395	4.08013E-43	1.51813E17
3.405	4.12027E-43	1.50599E17
3.415	4.1606E-43	1.49386E17
3.425	4.20111E-43	1.48173E17
3.435	4.24182E-43	1.4696E17
3.445	4.28271E-43	1.45747E17
3.455	4.3238E-43	1.44534E17
3.465	4.36508E-43	1.43321E17
3.475	4.40654E-43	1.42108E17
3.485	4.4482E-43	1.40895E17
3.495	4.49005E-43	1.39682E17
3.505	4.53209E-43	1.38524E17
3.515	4.57431E-43	1.37421E17
3.525	4.61673E-43	1.36318E17
3.535	4.65934E-43	1.35215E17
3.545	4.70214E-43	1.34113E17
3.555	4.74512E-43	1.3301E17
3.565	4.7883E-43	1.31907E17
3.575	4.83167E-43	1.30804E17
3.585	4.87523E-43	1.29701E17
3.595	4.91898E-43	1.28599E17
3.605	4.96292E-43	1.27496E17
3.615	5.00705E-43	1.26393E17
3.625	5.05137E-43	1.2529E17
3.635	5.09588E-43	1.24187E17
3.645	5.14058E-43	1.23085E17
3.655	5.18547E-43	1.21982E17
3.665	5.23055E-43	1.20879E17
3.675	5.27582E-43	1.19776E17
3.685	5.32128E-43	1.18673E17
3.695	5.36693E-43	1.17571E17
3.705	5.41277E-43	1.16468E17
3.715	5.4588E-43	1.15365E17
3.725	5.50503E-43	1.14262E17
3.735	5.55144E-43	1.13159E17
3.745	5.59804E-43	1.12057E17
3.755	5.64483E-43	1.11076E17
3.765	5.69182E-43	1.10219E17
3.775	5.73899E-43	1.09361E17
3.785	5.78635E-43	1.08503E17
3.795	5.83391E-43	1.07645E17
3.805	5.88165E-43	1.06788E17
3.815	5.92958E-43	1.0593E17
3.825	5.97771E-43	1.05072E17
3.835	6.02602E-43	1.04214E17
3.845	6.07453E-43	1.03357E17
3.855	6.12322E-43	1.02499E17
3.865	6.17211E-43	1.01641E17
3.875	6.22119E-43	1.00784E17
3.885	6.27045E-43	9.99258E16
3.895	6.31991E-43	9.90681E16
3.905	6.36956E-43	9.82104E16
3.915	6.41939E-43	9.73526E16
3.925	6.46942E-43	9.64949E16
3.935	6.51964E-43	9.56372E16
3.945	6.57005E-43	9.47794E16
3.955	6.62064E-43	9.39217E16
3.965	6.67143E-43	9.3064E16
3.975	6.72241E-43	9.22062E16
3.985	6.77358E-43	9.13485E16
3.995	6.82494E-43	9.04908E16
4.005	6.87649E-43	8.96698E16
4.015	6.92823E-43	8.88856E16
4.025	6.98016E-43	8.81014E16
4.035	7.03228E-43	8.73172E16
4.045	7.08459E-43	8.6533E16
4.055	7.13709E-43	8.57487E16
4.065	7.18978E-43	8.49645E16
4.075	7.24267E-43	8.41803E16
4.085	7.29574E-43	8.33961E16
4.095	7.349E-43	8.26119E16
4.105	7.40245E-43	8.18277E16
4.115	7.4561E-43	8.10435E16
4.125	7.50993E-43	8.02593E16
4.135	7.56395E-43	7.9475E16
4.145	7.61817E-43	7.86908E16
4.155	7.67257E-43	7.79066E16
4.165	7.72717E-43	7.71224E16
4.175	7.78195E-43	7.63382E16
4.185	7.83693E-43	7.5554E16
4.195	7.89209E-43	7.47698E16
4.205	7.94745E-43	7.39856E16
4.215	8.003E-43	7.32013E16
4.225	8.05873E-43	7.24171E16
4.235	8.11466E-43	7.16329E16
4.245	8.17078E-43	7.08487E16
4.255	8.22709E-43	7.01441E16
4.265	8.28358E-43	6.95192E16
4.275	8.34027E-43	6.88943E16
4.285	8.39715E-43	6.82694E16
4.295	8.45422E-43	6.76445E16
4.305	8.51148E-43	6.70195E16
4.315	8.56893E-43	6.63946E16
4.325	8.62657E-43	6.57697E16
4.335	8.6844E-43	6.51448E16
4.345	8.74242E-43	6.45199E16
4.355	8.80063E-43	6.38949E16
4.365	8.85903E-43	6.327E16
4.375	8.91763E-43	6.26451E16
4.385	8.97641E-43	6.20202E16
4.395	9.03538E-43	6.13953E16
4.405	9.09454E-43	6.07703E16
4.415	9.1539E-43	6.01454E16
4.425	9.21344E-43	5.95205E16
4.435	9.27317E-43	5.88956E16
4.445	9.3331E-43	5.82707E16
4.455	9.39321E-43	5.76457E16
4.465	9.45352E-43	5.70208E16
4.475	9.51401E-43	5.63959E16
4.485	9.5747E-43	5.5771E16
4.495	9.63557E-43	5.51461E16
4.505	9.69664E-43	5.45824E16
4.515	9.7579E-43	5.408E16
4.525	9.81934E-43	5.35776E16
4.535	9.88098E-43	5.30753E16
4.545	9.94281E-43	5.25729E16
4.555	1.00048E-42	5.20705E16
4.565	1.0067E-42	5.15681E16
4.575	1.01294E-42	5.10657E16
4.585	1.0192E-42	5.05633E16
4.595	1.02548E-42	5.00609E16
4.605	1.03178E-42	4.95586E16
4.615	1.03809E-42	4.90562E16
4.625	1.04443E-42	4.85538E16
4.635	1.05078E-42	4.80514E16
4.645	1.05716E-42	4.7549E16
4.655	1.06355E-42	4.70466E16
4.665	1.06996E-42	4.65442E16
4.675	1.07639E-42	4.60419E16
4.685	1.08284E-42	4.55395E16
4.695	1.08931E-42	4.50371E16
4.705	1.09579E-42	4.45347E16
4.715	1.1023E-42	4.40323E16
4.725	1.10883E-42	4.35299E16
4.735	1.11537E-42	4.30275E16
4.745	1.12193E-42	4.25252E16
4.755	1.12852E-42	4.21024E16
4.765	1.13512E-42	4.17593E16
4.775	1.14174E-42	4.14162E16
4.785	1.14838E-42	4.10731E16
4.795	1.15504E-42	4.073E16
4.805	1.16171E-42	4.03869E16
4.815	1.16841E-42	4.00439E16
4.825	1.17513E-42	3.97008E16
4.835	1.18186E-42	3.93577E16
4.845	1.18862E-42	3.90146E16
4.855	1.19539E-42	3.86715E16
4.865	1.20218E-42	3.83284E16
4.875	1.20899E-42	3.79853E16
4.885	1.21582E-42	3.76422E16
4.895	1.22267E-42	3.72991E16
4.905	1.22954E-42	3.6956E16
4.915	1.23643E-42	3.66129E16
4.925	1.24333E-42	3.62698E16
4.935	1.25026E-42	3.59267E16
4.945	1.2572E-42	3.55836E16
4.955	1.26416E-42	3.52406E16
4.965	1.27115E-42	3.48975E16
4.975	1.27815E-42	3.45544E16
4.985	1.28517E-42	3.42113E16
4.995	1.29221E-42	3.38682E16
5.005	1.29927E-42	3.3552E16
5.015	1.30634E-42	3.32629E16
5.025	1.31344E-42	3.29737E16
5.035	1.32056E-42	3.26845E16
5.045	1.32769E-42	3.23953E16
5.055	1.33484E-42	3.21062E16
5.065	1.34202E-42	3.1817E16
5.075	1.34921E-42	3.15278E16
5.085	1.35642E-42	3.12386E16
5.095	1.36365E-42	3.09494E16
5.105	1.3709E-42	3.06603E16
5.115	1.37817E-42	3.03711E16
5.125	1.38545E-42	3.00819E16
5.135	1.39276E-42	2.97927E16
5.145	1.40008E-42	2.95035E16
5.155	1.40743E-42	2.92144E16
5.165	1.41479E-42	2.89252E16
5.175	1.42217E-42	2.8636E16
5.185	1.42957E-42	2.83468E16
5.195	1.43699E-42	2.80577E16
5.205	1.44443E-42	2.77685E16
5.215	1.45189E-42	2.74793E16
5.225	1.45937E-42	2.71901E16
5.235	1.46687E-42	2.69009E16
5.245	1.47438E-42	2.66118E16
5.255	1.48192E-42	2.63336E16
5.265	1.48947E-42	2.60665E16
5.275	1.49704E-42	2.57994E16
5.285	1.50463E-42	2.55322E16
5.295	1.51224E-42	2.52651E16
5.305	1.51987E-42	2.4998E16
5.315	1.52752E-42	2.47309E16
5.325	1.53519E-42	2.44638E16
5.335	1.54288E-42	2.41966E16
5.345	1.55058E-42	2.39295E16
5.355	1.55831E-42	2.36624E16
5.365	1.56605E-42	2.33953E16
5.375	1.57381E-42	2.31281E16
5.385	1.58159E-42	2.2861E16
5.395	1.5894E-42	2.25939E16
5.405	1.59722E-42	2.23268E16
5.415	1.60505E-42	2.20597E16
5.425	1.61291E-42	2.17925E16
5.435	1.62079E-42	2.15254E16
5.445	1.62869E-42	2.12583E16
5.455	1.6366E-42	2.09912E16
5.465	1.64454E-42	2.0724E16
5.475	1.65249E-42	2.04569E16
5.485	1.66046E-42	2.01898E16
5.495	1.66845E-42	1.99227E16
5.505	1.67646E-42	1.97058E16
5.515	1.68449E-42	1.95391E16
5.525	1.69254E-42	1.93725E16
5.535	1.70061E-42	1.92059E16
5.545	1.70869E-42	1.90392E16
5.555	1.7168E-42	1.88726E16
5.565	1.72492E-42	1.87059E16
5.575	1.73307E-42	1.85393E16
5.585	1.74123E-42	1.83726E16
5.595	1.74941E-42	1.8206E16
5.605	1.75761E-42	1.80393E16
5.615	1.76583E-42	1.78727E16
5.625	1.77407E-42	1.7706E16
5.635	1.78233E-42	1.75394E16
5.645	1.79061E-42	1.73728E16
5.655	1.7989E-42	1.72061E16
5.665	1.80722E-42	1.70395E16
5.675	1.81555E-42	1.68728E16
5.685	1.8239E-42	1.67062E16
5.695	1.83228E-42	1.65395E16
5.705	1.84067E-42	1.63729E16
5.715	1.84908E-42	1.62062E16
5.725	1.85751E-42	1.60396E16
5.735	1.86596E-42	1.5873E16
5.745	1.87442E-42	1.57063E16
5.755	1.88291E-42	1.55489E16
5.765	1.89141E-42	1.54006E16
5.775	1.89994E-42	1.52523E16
5.785	1.90848E-42	1.51041E16
5.795	1.91704E-42	1.49558E16
5.805	1.92563E-42	1.48075E16
5.815	1.93423E-42	1.46593E16
5.825	1.94285E-42	1.4511E16
5.835	1.95148E-42	1.43627E16
5.845	1.96014E-42	1.42145E16
5.855	1.96882E-42	1.40662E16
5.865	1.97751E-42	1.39179E16
5.875	1.98623E-42	1.37697E16
5.885	1.99496E-42	1.36214E16
5.895	2.00372E-42	1.34731E16
5.905	2.01249E-42	1.33249E16
5.915	2.02128E-42	1.31766E16
5.925	2.03009E-42	1.30283E16
5.935	2.03892E-42	1.28801E16
5.945	2.04777E-42	1.27318E16
5.955	2.05663E-42	1.25835E16
5.965	2.06552E-42	1.24353E16
5.975	2.07442E-42	1.2287E16
5.985	2.08335E-42	1.21388E16
5.995	2.09229E-42	1.19905E16
6.005	2.10125E-42	1.18539E16
6.015	2.11024E-42	1.17289E16
6.025	2.11924E-42	1.16039E16
6.035	2.12826E-42	1.14789E16
6.045	2.13729E-42	1.13539E16
6.055	2.14635E-42	1.12289E16
6.065	2.15543E-42	1.1104E16
6.075	2.16452E-42	1.0979E16
6.085	2.17364E-42	1.0854E16
6.095	2.18277E-42	1.0729E16
6.105	2.19192E-42	1.0604E16
6.115	2.2011E-42	1.0479E16
6.125	2.21029E-42	1.03541E16
6.135	2.2195E-42	1.02291E16
6.145	2.22873E-42	1.01041E16
6.155	2.23797E-42	9.9791E15
6.165	2.24724E-42	9.85412E15
6.175	2.25653E-42	9.72914E15
6.185	2.26583E-42	9.60415E15
6.195	2.27515E-42	9.47917E15
6.205	2.2845E-42	9.35419E15
6.215	2.29386E-42	9.2292E15
6.225	2.30324E-42	9.10422E15
6.235	2.31264E-42	8.97923E15
6.245	2.32206E-42	8.85425E15
6.255	2.3315E-42	8.74887E15
6.265	2.34096E-42	8.6631E15
6.275	2.35043E-42	8.57732E15
6.285	2.35993E-42	8.49155E15
6.295	2.36944E-42	8.40578E15
6.305	2.37898E-42	8.32E15
6.315	2.38853E-42	8.23423E15
6.325	2.3981E-42	8.14846E15
6.335	2.40769E-42	8.06269E15
6.345	2.4173E-42	7.97691E15
6.355	2.42693E-42	7.89114E15
6.365	2.43658E-42	7.80537E15
6.375	2.44624E-42	7.71959E15
6.385	2.45593E-42	7.63382E15
6.395	2.46563E-42	7.54805E15
6.405	2.47536E-42	7.46227E15
6.415	2.4851E-42	7.3765E15
6.425	2.49486E-42	7.29073E15
6.435	2.50464E-42	7.20495E15
6.445	2.51444E-42	7.11918E15
6.455	2.52426E-42	7.03341E15
6.465	2.5341E-42	6.94763E15
6.475	2.54396E-42	6.86186E15
6.485	2.55383E-42	6.77609E15
6.495	2.56373E-42	6.69031E15
6.505	2.57364E-42	6.61312E15
6.515	2.58358E-42	6.5445E15
6.525	2.59353E-42	6.47588E15
6.535	2.6035E-42	6.40726E15
6.545	2.61349E-42	6.33864E15
6.555	2.6235E-42	6.27002E15
6.565	2.63353E-42	6.20141E15
6.575	2.64358E-42	6.13279E15
6.585	2.65364E-42	6.06417E15
6.595	2.66373E-42	5.99555E15
6.605	2.67383E-42	5.92693E15
6.615	2.68396E-42	5.85831E15
6.625	2.6941E-42	5.78969E15
6.635	2.70426E-42	5.72108E15
6.645	2.71444E-42	5.65246E15
6.655	2.72464E-42	5.58384E15
6.665	2.73486E-42	5.51522E15
6.675	2.7451E-42	5.4466E15
6.685	2.75536E-42	5.37798E15
6.695	2.76563E-42	5.30936E15
6.705	2.77593E-42	5.24075E15
6.715	2.78624E-42	5.17213E15
6.725	2.79657E-42	5.10351E15
6.735	2.80693E-42	5.03489E15
6.745	2.8173E-42	4.96627E15
6.755	2.82769E-42	4.90317E15
6.765	2.8381E-42	4.84558E15
6.775	2.84852E-42	4.78799E15
6.785	2.85897E-42	4.73039E15
6.795	2.86944E-42	4.6728E15
6.805	2.87992E-42	4.61521E15
6.815	2.89043E-42	4.55762E15
6.825	2.90095E-42	4.50003E15
6.835	2.91149E-42	4.44244E15
6.845	2.92206E-42	4.38485E15
6.855	2.93264E-42	4.32726E15
6.865	2.94324E-42	4.26967E15
6.875	2.95386E-42	4.21208E15
6.885	2.96449E-42	4.15449E15
6.895	2.97515E-42	4.0969E15
6.905	2.98583E-42	4.03931E15
6.915	2.99652E-42	3.98172E15
6.925	3.00723E-42	3.92413E15
6.935	3.01797E-42	3.86654E15
6.945	3.02872E-42	3.80894E15
6.955	3.03949E-42	3.75135E15
6.965	3.05028E-42	3.69376E15
6.975	3.06109E-42	3.63617E15
6.985	3.07192E-42	3.57858E15
6.995	3.08276E-42	3.52099E15
7.005	3.09363E-42	3.46628E15
7.015	3.10452E-42	3.41445E15
7.025	3.11542E-42	3.36262E15
7.035	3.12634E-42	3.31079E15
7.045	3.13729E-42	3.25895E15
7.055	3.14825E-42	3.20712E15
7.065	3.15923E-42	3.15529E15
7.075	3.17023E-42	3.10346E15
7.085	3.18125E-42	3.05163E15
7.095	3.19228E-42	2.9998E15
7.105	3.20334E-42	2.94797E15
7.115	3.21442E-42	2.89613E15
7.125	3.22551E-42	2.8443E15
7.135	3.23662E-42	2.79247E15
7.145	3.24776E-42	2.74064E15
7.155	3.25891E-42	2.68881E15
7.165	3.27008E-42	2.63698E15
7.175	3.28127E-42	2.58514E15
7.185	3.29248E-42	2.53331E15
7.195	3.30371E-42	2.48148E15
7.205	3.31495E-42	2.42965E15
7.215	3.32622E-42	2.37782E15
7.225	3.3375E-42	2.32599E15
7.235	3.34881E-42	2.27416E15
7.245	3.36013E-42	2.22232E15
7.255	3.37147E-42	2.18091E15
7.265	3.38284E-42	2.14991E15
7.275	3.39422E-42	2.11891E15
7.285	3.40561E-42	2.0879E15
7.295	3.41703E-42	2.0569E15
7.305	3.42847E-42	2.0259E15
7.315	3.43993E-42	1.9949E15
7.325	3.4514E-42	1.9639E15
7.335	3.4629E-42	1.9329E15
7.345	3.47441E-42	1.9019E15
7.355	3.48594E-42	1.8709E15
7.365	3.49749E-42	1.8399E15
7.375	3.50907E-42	1.8089E15
7.385	3.52066E-42	1.7779E15
7.395	3.53226E-42	1.74689E15
7.405	3.54389E-42	1.71589E15
7.415	3.55554E-42	1.68489E15
7.425	3.5672E-42	1.65389E15
7.435	3.57889E-42	1.62289E15
7.445	3.59059E-42	1.59189E15
7.455	3.60232E-42	1.56089E15
7.465	3.61406E-42	1.52989E15
7.475	3.62582E-42	1.49889E15
7.485	3.6376E-42	1.46789E15
7.495	3.6494E-42	1.43689E15
7.505	3.66122E-42	1.41115E15
7.515	3.67305E-42	1.39069E15
7.525	3.68491E-42	1.37023E15
7.535	3.69679E-42	1.34976E15
7.545	3.70868E-42	1.3293E15
7.555	3.72059E-42	1.30884E15
7.565	3.73253E-42	1.28838E15
7.575	3.74448E-42	1.26791E15
7.585	3.75645E-42	1.24745E15
7.595	3.76844E-42	1.22699E15
7.605	3.78045E-42	1.20652E15
7.615	3.79247E-42	1.18606E15
7.625	3.80452E-42	1.1656E15
7.635	3.81659E-42	1.14513E15
7.645	3.82867E-42	1.12467E15
7.655	3.84077E-42	1.10421E15
7.665	3.8529E-42	1.08374E15
7.675	3.86504E-42	1.06328E15
7.685	3.8772E-42	1.04282E15
7.695	3.88938E-42	1.02236E15
7.705	3.90158E-42	1.00189E15
7.715	3.9138E-42	9.8143E14
7.725	3.92603E-42	9.60967E14
7.735	3.93829E-42	9.40504E14
7.745	3.95057E-42	9.20041E14
7.755	3.96286E-42	9.01538E14
7.765	3.97517E-42	8.84996E14
7.775	3.98751E-42	8.68454E14
7.785	3.99986E-42	8.51912E14
7.795	4.01223E-42	8.3537E14
7.805	4.02462E-42	8.18828E14
7.815	4.03702E-42	8.02286E14
7.825	4.04945E-42	7.85744E14
7.835	4.0619E-42	7.69202E14
7.845	4.07436E-42	7.5266E14
7.855	4.08685E-42	7.36118E14
7.865	4.09935E-42	7.19576E14
7.875	4.11188E-42	7.03034E14
7.885	4.12442E-42	6.86492E14
7.895	4.13698E-42	6.6995E14
7.905	4.14956E-42	6.53408E14
7.915	4.16216E-42	6.36866E14
7.925	4.17477E-42	6.20324E14
7.935	4.18741E-42	6.03782E14
7.945	4.20007E-42	5.8724E14
7.955	4.21274E-42	5.70698E14
7.965	4.22544E-42	5.54156E14
7.975	4.23815E-42	5.37614E14
7.985	4.25088E-42	5.21072E14
7.995	4.26363E-42	5.0453E14
8.005	4.2764E-42	4.87989E14
8.015	4.28919E-42	4.32736E14
8.025	4.302E-42	4.20583E14
8.035	4.31483E-42	4.08681E14
8.045	4.32767E-42	3.97029E14
8.055	4.34054E-42	3.85623E14
8.065	4.35342E-42	3.7446E14
8.075	4.36633E-42	3.63538E14
8.085	4.37925E-42	3.52854E14
8.095	4.39219E-42	3.42405E14
8.105	4.40515E-42	3.32188E14
8.115	4.41813E-42	3.22199E14
8.125	4.43113E-42	3.12437E14
8.135	4.44415E-42	3.02898E14
8.145	4.45718E-42	2.9358E14
8.155	4.47024E-42	2.84479E14
8.165	4.48331E-42	2.75592E14
8.175	4.49641E-42	2.66917E14
8.185	4.50952E-42	2.5845E14
8.195	4.52265E-42	2.50188E14
8.205	4.5358E-42	2.42129E14
8.215	4.54897E-42	2.3427E14
8.225	4.56216E-42	2.26607E14
8.235	4.57537E-42	2.19137E14
8.245	4.5886E-42	2.11858E14
8.255	4.60184E-42	2.04766E14
8.265	4.61511E-42	1.97859E14
8.275	4.62839E-42	1.91132E14
8.285	4.6417E-42	1.84585E14
8.295	4.65502E-42	1.78212E14
8.305	4.66836E-42	1.72012E14
8.315	4.68172E-42	1.65981E14
8.325	4.6951E-42	1.60117E14
8.335	4.7085E-42	1.54416E14
8.345	4.72192E-42	1.48875E14
8.355	4.73535E-42	1.43492E14
8.365	4.74881E-42	1.38262E14
8.375	4.76228E-42	1.33185E14
8.385	4.77578E-42	1.28256E14
8.395	4.78929E-42	1.23472E14
8.405	4.80282E-42	1.18831E14
8.415	4.81637E-42	1.1433E14
8.425	4.82994E-42	1.09966E14
8.435	4.84353E-42	1.05735E14
8.445	4.85714E-42	1.01636E14
8.455	4.87077E-42	9.76651E13
8.465	4.88441E-42	9.38196E13
8.475	4.89808E-42	9.00969E13
8.485	4.91176E-42	8.64941E13
8.495	4.92547E-42	8.30085E13
8.505	4.93919E-42	7.96374E13
8.515	4.95293E-42	7.6378E13
8.525	4.96669E-42	7.32278E13
8.535	4.98047E-42	7.01841E13
8.545	4.99427E-42	6.72442E13
8.555	5.00808E-42	6.44057E13
8.565	5.02192E-42	6.16658E13
8.575	5.03578E-42	5.90222E13
8.585	5.04965E-42	5.64723E13
8.595	5.06354E-42	5.40136E13
8.605	5.07746E-42	5.16437E13
8.615	5.09139E-42	4.93603E13
8.625	5.10534E-42	4.7161E13
8.635	5.11931E-42	4.50433E13
8.645	5.1333E-42	4.30051E13
8.655	5.1473E-42	4.10441E13
8.665	5.16133E-42	3.91581E13
8.675	5.17538E-42	3.73448E13
8.685	5.18944E-42	3.56021E13
8.695	5.20353E-42	3.39279E13
8.705	5.21763E-42	3.23201E13
8.715	5.23175E-42	3.07768E13
8.725	5.24589E-42	2.92957E13
8.735	5.26005E-42	2.78751E13
8.745	5.27423E-42	2.6513E13
8.755	5.28843E-42	2.52075E13
8.765	5.30265E-42	2.39567E13
8.775	5.31688E-42	2.27589E13
8.785	5.33114E-42	2.16122E13
8.795	5.34541E-42	2.05149E13
8.805	5.35971E-42	1.94654E13
8.815	5.37402E-42	1.84619E13
8.825	5.38835E-42	1.75029E13
8.835	5.4027E-42	1.65867E13
8.845	5.41707E-42	1.57119E13
8.855	5.43146E-42	1.48769E13
8.865	5.44587E-42	1.40802E13
8.875	5.46029E-42	1.33204E13
8.885	5.47474E-42	1.25962E13
8.895	5.4892E-42	1.19061E13
8.905	5.50369E-42	1.12488E13
8.915	5.51819E-42	1.06232E13
8.925	5.53271E-42	1.00278E13
8.935	5.54725E-42	9.46154E12
8.945	5.56181E-42	8.92321E12
8.955	5.57639E-42	8.41166E12
8.965	5.59099E-42	7.9258E12
8.975	5.60561E-42	7.46453E12
8.985	5.62024E-42	7.02684E12
8.995	5.6349E-42	6.6117E12
9.005	5.64957E-42	6.21814E12
9.015	5.66426E-42	5.84523E12
9.025	5.67898E-42	5.49204E12
9.035	5.69371E-42	5.1577E12
9.045	5.70846E-42	4.84136E12
9.055	5.72323E-42	4.54219E12
9.065	5.73802E-42	4.25941E12
9.075	5.75282E-42	3.99225E12
9.085	5.76765E-42	3.73998E12
9.095	5.7825E-42	3.50189E12
9.105	5.79736E-42	3.27729E12
9.115	5.81224E-42	3.06553E12
9.125	5.82715E-42	2.86598E12
9.135	5.84207E-42	2.67803E12
9.145	5.85701E-42	2.50111E12
9.155	5.87197E-42	2.33465E12
9.165	5.88695E-42	2.17811E12
9.175	5.90195E-42	2.031E12
9.185	5.91696E-42	1.8928E12
9.195	5.932E-42	1.76306E12
9.205	5.94705E-42	1.64133E12
9.215	5.96213E-42	1.52716E12
9.225	5.97722E-42	1.42015E12
9.235	5.99233E-42	1.31992E12
9.245	6.00746E-42	1.22607E12
9.255	6.02261E-42	1.13826E12
9.265	6.03778E-42	1.05614E12
9.275	6.05297E-42	9.79388E11
9.285	6.06818E-42	9.07696E11
9.295	6.0834E-42	8.40767E11
9.305	6.09865E-42	7.78323E11
9.315	6.11391E-42	7.20096E11
9.325	6.1292E-42	6.65835E11
9.335	6.1445E-42	6.15298E11
9.345	6.15982E-42	5.6826E11
9.355	6.17516E-42	5.24503E11
9.365	6.19052E-42	4.83825E11
9.375	6.2059E-42	4.46031E11
9.385	6.2213E-42	4.10938E11
9.395	6.23672E-42	3.78374E11
9.405	6.25215E-42	3.48176E11
9.415	6.26761E-42	3.20188E11
9.425	6.28308E-42	2.94266E11
9.435	6.29857E-42	2.70273E11
9.445	6.31408E-42	2.48078E11
9.455	6.32962E-42	2.27561E11
9.465	6.34517E-42	2.08607E11
9.475	6.36073E-42	1.91108E11
9.485	6.37632E-42	1.74964E11
9.495	6.39193E-42	1.60078E11
9.505	6.40756E-42	1.46363E11
9.515	6.4232E-42	1.33734E11
9.525	6.43887E-42	1.22113E11
9.535	6.45455E-42	1.11428E11
9.545	6.47025E-42	1.01609E11
9.555	6.48597E-42	9.25923E10
9.565	6.50171E-42	8.43181E10
9.575	6.51747E-42	7.67307E10
9.585	6.53325E-42	6.97777E10
9.595	6.54905E-42	6.34107E10
9.605	6.56486E-42	5.75843E10
9.615	6.5807E-42	5.22565E10
9.625	6.59655E-42	4.7388E10
9.635	6.61243E-42	4.29425E10
9.645	6.62832E-42	3.88861E10
9.655	6.64423E-42	3.51875E10
9.665	6.66016E-42	3.18176E10
9.675	6.67611E-42	2.87494E10
9.685	6.69208E-42	2.5958E10
9.695	6.70807E-42	2.34204E10
9.705	6.72408E-42	2.11151E10
9.715	6.7401E-42	1.90225E10
9.725	6.75615E-42	1.71244E10
9.735	6.77221E-42	1.5404E10
9.745	6.7883E-42	1.38459E10
9.755	6.8044E-42	1.24359E10
9.765	6.82052E-42	1.11609E10
9.775	6.83666E-42	1.00088E10
9.785	6.85282E-42	8.96869E9
9.795	6.869E-42	8.03035E9
9.805	6.88519E-42	7.18452E9
9.815	6.90141E-42	6.42267E9
9.825	6.91765E-42	5.73704E9
9.835	6.9339E-42	5.12048E9
9.845	6.95017E-42	4.5665E9
9.855	6.96647E-42	4.06915E9
9.865	6.98278E-42	3.62301E9
9.875	6.99911E-42	3.22313E9
9.885	7.01546E-42	2.86502E9
9.895	7.03183E-42	2.54458E9
9.905	7.04821E-42	2.25809E9
9.915	7.06462E-42	2.00218E9
9.925	7.08105E-42	1.77377E9
9.935	7.09749E-42	1.57008E9
9.945	7.11396E-42	1.38859E9
9.955	7.13044E-42	1.22702E9
9.965	7.14694E-42	1.08332E9
9.975	7.16346E-42	9.55614E8
9.985	7.18E-42	8.42226E8