0.0582219 100.273 
0.0584508 57.5206 
0.0580841 47.4833 
0.0588094 44.4261 
0.0579511 27.3452 
0.0581889 24.1262 
0.0579413 17.9189 
0.0579234 8.22372 
0.0582798 6.63101 
0.0576744 5.45256 
0.0579098 4.55419 
0.0557856 3.90971 
0.0561329 3.78916 
0.0581446 3.54508 
0.0618735 3.31660 
0.0651629 3.12727 
0.0654329 3.04274 
0.0650265 2.96054 
0.0631658 2.86940 
0.0594798 2.77032 
0.0575391 2.72742 
0.0550877 2.67473 
0.0523051 2.59247 
0.0498695 2.53247 
0.0485430 2.45450 
0.0485423 2.36955 
0.0501783 2.26073 
0.0528466 2.20810 
0.0560041 2.15668 
0.0594735 2.12300 
0.0636836 2.08165 
0.0670704 2.05720 
0.0704909 2.01720 
0.0736265 1.97798 
0.0743927 1.91698 
0.0721143 1.85798 
0.0691855 1.83640 
0.0665133 1.81506 
0.0634164 1.79400 
0.0603384 1.77318 
0.0567003 1.75264 
0.0540599 1.70539 
0.0515423 1.64648 
0.0515418 1.60198 
0.0539459 1.54644 
0.0568147 1.51636 
0.0597122 1.49270 
0.0636750 1.48092 
0.0676197 1.46351 
0.0731611 1.45194 
0.0780168 1.45750 
0.0825072 1.44037 
0.0887157 1.44587 
0.0957874 1.44007 
0.103853 1.44555 
0.113300 1.45673 
0.123094 1.45656 
0.135691 1.48514 
0.148958 1.50837 
0.161501 1.53800 
0.172936 1.55602 
0.180631 1.58047 
0.187501 1.63065 
0.187503 1.67594 
0.181765 1.74975 
0.173304 1.77748 
0.164553 1.80565 
0.157872 1.84867 
0.153040 1.87792 
0.150837 1.91507 
0.156573 1.99140 
0.167312 2.01473 
0.180650 2.05432 
0.190654 2.07842 
0.202887 2.10278 
0.214568 2.14417 
0.228810 2.17780 
0.242484 2.20334 
0.256976 2.25551 
0.269525 2.27308 
0.280937 2.34524 
0.286825 2.41976 
0.286828 2.48697 
0.276900 2.56619 
0.266209 2.61705 
0.255401 2.68990 
0.244524 2.74322 
0.235084 2.83063 
0.229787 2.93221 
0.226949 3.00193 
0.234121 3.14614 
0.242521 3.23336 
0.250183 3.34913 
0.260236 3.44196 
0.269572 3.52357 
0.276367 3.69287 
0.278674 3.90081 
0.275807 4.15295 
0.271841 4.40415 
0.269605 4.80022 
0.274125 5.33510 
0.274706 5.97631 
0.271322 6.64253 
0.273595 7.55821 
0.273038 8.27016 
0.270796 9.30059 
0.274763 10.0576 
0.271946 11.7163 
0.274242 15.5907 
0.272575 21.2397 
0.272706 71.4595 
0.273876 100.446
