0.9196265171957	 6.88694165966999
0.91010898734948	 6.8868342441518
0.90067590963313	 6.81577264679579
0.89135450611615	 6.81566634129955
0.88212957299723	 6.81556003746135
0.87300011187118	 6.81545373528117
0.86396513466563	 6.81534743475899
0.85502366353413	 6.81524113589477
0.84617473075029	 6.8151348386885
0.83741737860305	 6.81502854314013
0.82873773328233	 6.74470787080602
0.82016084259496	 6.74460267370595
0.81167271708734	 6.74449747824663
0.80327243809822	 6.74439228442805
0.7949590964739	 6.74428709225017
0.78673179246978	 6.74418190171297
0.7785896356531	 6.74407671281643
0.77053174480641	 6.74397152556051
0.76254535423923	 6.67438405298024
0.7546535111569	 6.67427995271962
0.74684334346199	 6.67417585408265
0.73911400586794	 6.6740717570693
0.73145325319379	 6.60520554320206
0.72388319291584	 6.60510252191755
0.71639147778484	 6.60499950223985
0.70896623907254	 6.53684600841017
0.70162890460669	 6.53674405332822
0.69436750672864	 6.53664209983646
0.68718125954464	 6.53654014793486
0.68006938529441	 6.53643819762341
0.67303111426698	 6.53633624890207
0.66606568471739	 6.53623430177083
0.65917234278422	 6.53613235622966
0.65234016771027	 6.4686894660282
0.64558887585431	 6.46858857398273
0.63890745543044	 6.46848768351089
0.63229518331526	 6.46838679461263
0.62575134386926	 6.46828590728793
0.61927522885928	 6.46818502153677
0.61286613738195	 6.46808413735912
0.60651391585244	 6.40134340071018
0.60023689557481	 6.40124355906022
0.59402483833027	 6.40114371896749
0.58787707179409	 6.40104388043196
0.58179293059972	 6.40094404345361
0.57577175626671	 6.40084420803241
0.56981289712943	 6.40074437416835
0.56391570826658	 6.40064454186139
0.55807084707359	 6.33459967870255
0.55229518070903	 6.33450087805334
0.54657928869414	 6.33440207894513
0.54092255240371	 6.33430328137788
0.53532435961487	 6.33420448535158
0.52978410444087	 6.3341056908662
0.5243011872655	 6.33400689792171
0.51886692179289	 6.26864963333929
0.51349699028045	 6.26855186131188
0.5081826340287	 6.26845409080942
0.50292327787024	 6.26835632183189
0.49771835259027	 6.26825855437925
0.49256729486498	 6.2681607884515
0.48746954720059	 6.26806302404859
0.48241703350496	 6.2033861993965
0.47742433437236	 6.20328944528182
0.47248330639337	 6.20319269267621
0.46759341480548	 6.20309594157965
0.46275413038067	 6.20299919199211
0.45796492936809	 6.20290244391358
0.45321822448972	 6.13889797679833
0.44852771383374	 6.13880222850542
0.44388574687929	 6.13870648170589
0.43929182123095	 6.13861073639973
0.43473865897519	 6.07526966138463
0.43023939967293	 6.07517490550153
0.42578670474641	 6.07508015109634
0.42138009228498	 6.07498539816903
0.41701258112544	 6.01230083934217
0.41269677507494	 6.01220706558278
0.40842563477966	 6.01211329328597
0.40419869797837	 6.01201952245172
0.40001550719398	 6.01192575308002
0.39587560968399	 6.01183198517084
0.39177855739145	 6.01173821872416
0.38772390689654	 6.01164445373994
0.38371121936853	 6.01155069021818
0.37973413771869	 5.9495206805666
0.37580413904882	 5.94942788598834
0.3719148132814	 5.94933509285738
0.36806573947865	 5.94924230117372
0.36425650105919	 5.94914951093733
0.360486685753	 5.94905672214818
0.35675588555676	 5.94896393480626
0.35305818996096	 5.88757972475654
0.34940426981231	 5.88748789627035
0.34578816533496	 5.88739606921643
0.34220948516153	 5.88730424359472
0.33866784197511	 5.88721241940521
0.33516285246721	 5.88712059664789
0.33168896386826	 5.82637451527087
0.32825620116053	 5.82628364140136
0.32485896528995	 5.8261927689492
0.32149688857712	 5.82610189791439
0.3181696071479	 5.82601102829688
0.31487184976617	 5.76589550421031
0.311613133133	 5.76580557363096
0.30838814207456	 5.76571564445425
0.30519652755331	 5.76562571668016
0.30203794414403	 5.76553579030869
0.29891204999643	 5.76544586533979
0.29581389292166	 5.70595528111257
0.29275241361222	 5.70586628541991
0.28972261860087	 5.70577729111532
0.28672417997595	 5.70568829819877
0.28375677321949	 5.70559930667024
0.28081569722581	 5.64672624740508
0.27790943938129	 5.6466381755067
0.27503325939474	 5.64655010498199
0.27218260068626	 5.58828634317423
0.26936568971511	 5.5881991827621
0.26657793192054	 5.58811202370942
0.26381902558633	 5.58802486601615
0.26108867211885	 5.58793770968227
0.25838657601469	 5.58785055470778
0.25571244482871	 5.58776340109264
0.25306204207625	 5.53010622816645
0.25044301631594	 5.53001997518863
0.24785109575037	 5.52993372355611
0.24528217413681	 5.4728732644631
0.24274366489481	 5.47278790414691
0.24022768066882	 5.41631710251703
0.23774148211114	 5.41623262430637
0.23528101407399	 5.41614814741334
0.2328460102634	 5.41606367183788
0.23043620714135	 5.41597919757999
0.2280513438973	 5.41589472463963
0.22568764231847	 5.36001097361547
0.2233519235984	 5.35992737361061
0.22104037803147	 5.35984377490965
0.21874934355823	 5.30453838396792
0.21648543166875	 5.30445564916814
0.21424494977894	 5.30437291565878
0.21202765540367	 5.30429018343981
0.20983330856744	 5.30420745251122
0.20766167177829	 5.30412472287298
0.20551251000217	 5.30404199452505
0.20338559063747	 5.30395926746747
0.20128068348985	 5.30387654170016
0.1991944538662	 5.24914864701439
0.19713292222871	 5.24906677612746
0.19508968323021	 5.19490443440176
0.19307063327013	 5.19482340956093
0.19107247914972	 5.19474238598385
0.18909500461077	 5.19466136367048
0.18713799563321	 5.19458034262082
0.18520124041194	 5.19449932283485
0.18328167064804	 5.14090003377706
0.18138482585503	 5.140819851242
0.17950761215855	 5.14073966995755
0.17764982638966	 5.14065948992368
0.17581126748208	 5.14057931114038
0.17399173645043	 5.14049913360762
0.17219103636872	 5.14041895732539
0.17040897234898	 5.14033878229367
0.1686427211614	 5.08729834718649
0.16689737987123	 5.08721900067607
0.16516752556052	 5.03472668047904
0.16345815026006	 5.03464815392806
0.16176646587013	 5.03456962860186
0.16009228930144	 5.03449110450042
0.15843543935955	 5.03441258162371
0.15679573672527	 5.03433405997173
0.15517058370438	 4.98238743148576
0.15356467017966	 4.98230972126921
0.1519753768041	 4.9822320122647
0.15040253157012	 4.98215430447221
0.14884364270213	 4.93074609126444
0.14730320885714	 4.93066918649704
0.14577871748969	 4.93059228292912
0.14427000360563	 4.93051538056066
0.14277467702928	 4.87964000207619
0.14129705298898	 4.87956389440965
0.13983472138603	 4.87948778793014
0.13838752395377	 4.87941168263767
0.13695530406347	 4.87933557853221
0.13553790670743	 4.87925947561375
0.13413517848215	 4.87918337388226
0.13274696757179	 4.87910727333773
0.13137107470717	 4.82876234790132
0.13001147045363	 4.82868703377272
0.12866593721023	 4.8286117208188
0.12733432935129	 4.82853640903952
0.12601453728086	 4.77871329758459
0.12471036966803	 4.77863876407023
0.12341969933257	 4.77856423171835
0.12214238658653	 4.77848970052897
0.12087640785086	 4.72918299456937
0.11962541649957	 4.72910923357835
0.11838737208631	 4.72903547373777
0.11716214061878	 4.72896171504761
0.11594958949141	 4.72888795750788
0.11474958747102	 4.72881420111854
0.11356023345784	 4.68002007034406
0.11238495970152	 4.67994707614637
0.11122184925589	 4.67987408308717
0.11007077623869	 4.67980109116644
0.10892991706579	 4.63151270073087
0.10780256403993	 4.63144046310184
0.10668687837672	 4.6313682265995
0.10558273932661	 4.63129599122382
0.10449002738976	 4.63122375697481
0.10340862430305	 4.63115152385244
0.10233681685675	 4.5833651225517
0.10127769808343	 4.58329363587967
0.1012761184568	 4.53607180383259
0.10022797721457	 4.5360010547937
0.0991906835451	 4.53593030685827
0.09816412518314	 4.53585956002629
0.09714667580655	 4.48905642606214
0.09614127158086	 4.48898641032133
0.0951462726279	 4.48891639567257
0.09416157125994	 4.48884638211581
0.09318706090375	 4.48877636965106
0.09222119769409	 4.44245906220719
0.09126676892861	 4.44238977324472
0.09032221787337	 4.44232048536294
0.08938744230056	 4.44225119856185
0.08846234104036	 4.44218191284143
0.08754544850374	 4.39634538893488
0.08663941066833	 4.39627681920663
0.08574274972883	 4.39620825054786
0.08485536864055	 4.39613968295855
0.08397586157254	 4.35077824445196
0.08310676661504	 4.35071038543373
0.08224666621896	 4.35064252747389
0.08139419777272	 4.30575055003305
0.08055182133824	 4.30568339331103
0.07971816294604	 4.30561623763647
0.0788931323701	 4.30554908300933
0.07807664031822	 4.3054819294296
0.07726739326518	 4.26105594029642
0.07646772654419	 4.26098948067552
0.07567633584803	 4.26092302209119
0.07489313552527	 4.26085656454341
0.07411804081094	 4.26079010803217
0.07334982376345	 4.21682527014856
0.0725907013112	 4.21675950039271
0.07183831479874	 4.17324899104387
0.07109483547054	 4.17318390094654
0.07035905066459	 4.17311881186443
0.06962979471592	 4.13005860768145
0.06890917211859	 4.12999419122384
0.06819600749137	 4.12992977577093
0.06748917100524	 4.08731521639139
0.06679070245597	 4.08725146660176
0.06609946259697	 4.08718771780644
0.06541435633349	 4.04501419109962
0.06473736075199	 4.0449511010784
0.06406737162966	 4.0448880120412
0.06340431645427	 4.044824923988
0.06274714478255	 4.00308851652791
0.06209775308704	 4.00302608042077
0.06145508216865	 4.00296364528744
0.06081906247173	 4.00290121112791
0.06018962516053	 4.00283877794216
0.05956577305078	 3.96153560329981
0.05894930646112	 3.96147381529278
0.05833921989536	 3.96141202824946
0.05773454682561	 3.92053631430996
0.05713703222344	 3.92047516576818
0.05654570150456	 3.92041401818014
0.05595961785498	 3.87996134100625
0.05538047260073	 3.87990082531167
0.05480732111911	 3.87984031056097
0.05423925539651	 3.83980629200029
0.05367791476265	 3.83974640260337
0.05312238363531	 3.83968651414053
0.05257260188989	 3.8396266266118
0.05202769853626	 3.80000755177064
0.05148924606192	 3.79994828311403
0.05095636621669	 3.79988901538184
0.0504282147872	 3.7606799719178
0.04990631591809	 3.76062131665282
0.04938981835915	 3.76056266230269
0.04887790385061	 3.72175940666059
0.04837204968044	 3.72170135843904
0.04787143076837	 3.72164331112287
0.0473759929329	 3.72158526471206
0.04688495127807	 3.6831841962049
0.04639972285676	 3.68312674964031
0.04591880002465	 3.64512251419405
0.04544357063363	 3.64506566127688
0.04497255810716	 3.60745415805566
0.04450712169787	 3.60739789265124
0.04404650224943	 3.60734162812439
0.04358997002677	 3.57011937923389
0.04313884249514	 3.5700636961394
0.04269238383687	 3.57000801391342
0.04225054573219	 3.5699523325559
0.04181262820034	 3.53311588401619
0.0413798949881	 3.53306077806463
0.04095164028011	 3.53300567297254
0.04052718561507	 3.49655045745717
0.04010775588848	 3.49649592181598
0.03969266698381	 3.49644138702538
0.03928126129764	 3.46036345902316
0.0388747260686	 3.46030948779
0.03847179815853	 3.42460438573134
0.03807364034081	 3.42455097223187
0.03767960319472	 3.42449755956549
0.03728906246806	 3.38916198183888
0.03690314518715	 3.38910912113402
0.03652122189636	 3.38905626125362
0.03614268753484	 3.35408638352517
0.0357686344808	 3.35403406989384
0.03539845262994	 3.35398175707846
0.03503155552274	 3.31937379459361
0.03466900195451	 3.31932202237398
0.03430966544171	 3.28507169534612
0.03395458296121	 3.28502045813577
0.03360317535094	 3.28496922172457
0.0332548858944	 3.25107336306364
0.03291071968875	 3.25102265612473
0.0325696073815	 3.21747707410627
0.03223253335793	 3.21742689116814
0.0318989478289	 3.21737670901271
0.03156832231248	 3.18417830171366
0.03124161093108	 3.18412863813595
0.03091779856576	 3.15127330008202
0.03059781967745	 3.15122414972309
0.03028115236027	 3.15117500013076
0.02996729493492	 3.11865969322502
0.02965715313429	 3.11861105153999
0.02935022109739	 3.11856241061362
0.02904646560528	 3.11851377044591
0.02874540543419	 3.08633547748165
0.02844746568498	 3.05448921529049
0.02815305311787	 3.05444157447137
0.02786125296898	 3.02292440858389
0.02757290731808	 3.02287726008055
0.0272875458551	 3.02283011231259
0.02700471649695	 2.99163912837114
0.02672523543541	 2.99159246782382
0.02644864681911	 2.99154580800425
0.02617451246333	 2.96067763024014
0.02590321944932	 2.93012796486382
0.02563513815804	 2.93008226370513
0.02536943563903	 2.89984829572191
0.02510687865925	 2.89980306683473
0.02484665143273	 2.8698815338572
0.02458950492579	 2.86983677236112
0.02433464016322	 2.84022444571508
0.0240827926363	 2.84018014678012
0.0238335515657	 2.8401358485361
0.02358652209198	 2.81082999000227
0.02334241709524	 2.81078614953217
0.02310047812133	 2.78178313500753
0.02286140336014	 2.78173974758076
0.02262444998686	 2.75303644750356
0.0223903018039	 2.75299350843841
0.02215823129373	 2.7245868255875
0.02192890816773	 2.72454433025065
0.02170161990022	 2.69643119941129
0.02147702240194	 2.69638914321728
0.02125441783012	 2.66856653085034
0.02103444857926	 2.66852490926111
0.02081643118692	 2.64098981317579
0.02060099480986	 2.6409486217002
0.02038747006966	 2.61369807073005
0.02017647315814	 2.61365730492333
0.01996734849067	 2.58668835860568
0.01976069956129	 2.586648014069
0.0195558842949	 2.55995776232763
0.01935349374942	 2.55991783470762
0.01915289908092	 2.53350339753877
0.01895467916747	 2.53346388252706
0.01875821812362	 2.50732240968865
0.01856408289859	 2.50728330302139
0.0183716702984	 2.48141197372549
0.01818125201211	 2.45580759698286
0.01799308800702	 2.45576929379131
0.01780659364218	 2.43042951029023
0.0176223071049	 2.43039160292028
0.01743965580184	 2.40531367837886
0.01725916682996	 2.40527616274014
0.01708027939528	 2.38045739113231
0.01690324608917	 2.35589471129208
0.016728047694	 2.33158548074408
0.01655492339819	 2.33154911504287
0.01638333529042	 2.30749109381641
0.01621352565531	 2.28368131457704
0.01604572632433	 2.28364569603634
0.01587941593125	 2.26008196483527
0.01571507441626	 2.26004671437324
0.01555219115684	 2.23672648857299
0.01539099614626	 2.21364689183935
0.0152314718862	 2.19080544124834
0.01507383616608	 2.19077127129114
0.01491759919885	 2.16816586212047
0.01476298159311	 2.14579370620197
0.01461019443951	 2.14576023829208
0.0144587630159	 2.12361927414654
0.01430890114539	 2.10170677089078
0.01416059255992	 2.0800203711578
0.01401403973678	 2.07998792911356
0.01386878732438	 2.05852563461307
0.01372504042101	 2.03728479816951
0.01358278342239	 2.01626313467442
0.01344221054395	 2.01623168705077
0.01330288501426	 1.99542725946587
0.01316500356276	 1.97483750175742
0.0130287544312	 1.9748067002487
0.01289371428237	 1.95442971517632
0.01276007379473	 1.93426298942734
0.01262781846109	 1.9143043534471
0.01249693392464	 1.8945516600674
0.0123675988746	 1.89452211077566
0.01223941145642	 1.87497353988733
0.01211255267239	 1.85562668035491
0.01198700875151	 1.83647945082568
0.01186276606551	 1.81752979142333
0.01173981112739	 1.79877566352627
0.01161813058991	 1.7802150495484
0.01149771124421	 1.761845952722
0.01137854001831	 1.74366639688299
0.01126060397572	 1.72567442625821
0.01114389031405	 1.70786810525514
0.01102838636358	 1.69024551825359
0.01091407958593	 1.67280476939965
0.01091390935921	 1.65556980429731
0.01091373913514	 1.6385124116335
0.01091356891373	 1.62163076187327
0.01091339869497	 1.60492304433144
0.01080028373899	 1.58836269292462
0.01068834119443	 1.57197321901855
0.01057755890951	 1.55575285941876
0.01046792485839	 1.53969986912421
0.01046776159034	 1.52383628838971
0.01035926556407	 1.50811262829815
0.01025189407504	 1.49255121233251
0.01025173417641	 1.47717340583137
0.01014547722636	 1.46193123532621
0.01014531898751	 1.44686890750184
0.01004016500727	 1.43193943307472
0.01004000841099	 1.41718611182101
0.00993594595151	 1.40256291845139
0.00993579098072	 1.38811226443871
0.00983296207634	 1.38809061407406
0.00983280871179	 1.37378906871141
0.00983265534963	 1.35963487266275
0.00973074205863	 1.34560552006806
0.0097305902884	 1.33174170009091
0.00962973487911	 1.3180001623801
0.00952992481376	 1.30440041632353
0.00952977617568	 1.29096113394817
0.00943100216011	 1.27764038931419
0.00943085506492	 1.26447681641795
0.00943070797203	 1.25144886826624
0.00933296077641	 1.23853582978795
0.00933281521037	 1.22577515251414
0.0093326696466	 1.2131459489374
0.0093325240851	 1.20064686447969
0.00923579454369	 1.18825802498891
0.00923565049315	 1.17601536166807
0.00923550644486	 1.16389883492871
0.00923536239881	 1.15190714518129
0.00923521835501	 1.14003900622598
0.0091394973659	 1.12827554714471
0.00913935481731	 1.11665088535717
0.00913921227094	 1.10514599286004
0.00913906972679	 1.09375963566621
0.00913892718487	 1.08249059250236
0.00913878464517	 1.07133765467802
0.00913864210769	 1.06029962595586
0.00913849957244	 1.04937532242346
0.0091383570394	 1.03856357236627
0.00904363999634	 1.02784718457593
0.00904349894283	 1.01725723966379
0.00904335789152	 1.0067764033185
0.00904321684241	 0.99640355139073
0.00904307579551	 0.98613757131331
0.0090429347508	 0.97597736198189
0.00904279370829	 0.96592183363685
0.00913721685519	 0.95598481822618
0.00913707434216	 0.94613527374742
0.00923248194966	 0.93640181450838
0.00923233795079	 0.92675403439079
0.00923219395416	 0.91720565568375
0.00932859478272	 0.90776981272225
0.00932844928477	 0.89841702910432
0.00942585519334	 0.88917447597785
0.00942570817843	 0.88001328075429
0.00952412964602	 0.87096005799037
0.00962372891317	 0.87097364255226
0.00962357881203	 0.86199997114179
0.00972421807595	 0.86201341595115
0.00982575652761	 0.85314536855829
0.00982560327544	 0.84435538246828
0.00992820037224	 0.83566899382327
0.01003186876858	 0.8270719672517
0.01013661965077	 0.81856338343248
0.01024246432192	 0.81014233250215
0.01024230457037	 0.80179540817241
0.01034925278352	 0.79354685942886
0.01045731772975	 0.78538316843791
0.01056667587804	 0.7853954182376
0.01067701111523	 0.77731558599578
0.01078866672282	 0.77732770996356
0.01090148997692	 0.77733983412044
0.0110153212798	 0.76934287448872
0.01113034118768	 0.76142818436199
0.01113016758793	 0.75358316357686
0.01124656211175	 0.75359491738465
0.01136417383964	 0.75360667137577
0.01148283640018	 0.74585386897887
0.01160291898334	 0.7458655022311
0.01172407447565	 0.7381923378695
0.01184649505076	 0.73059811193734
0.01197038062028	 0.73060950724206
0.01209537307772	 0.72309329042221
0.01222167068283	 0.7156543974186
0.01234928706373	 0.7082920327549
0.01247843061669	 0.70830308014664
0.0126087280364	 0.70101634287895
0.01274058471189	 0.7010272767901
0.01287361949523	 0.69381539006161
0.01300824629211	 0.69382621165786
0.01314407594721	 0.68668840659179
0.01328153106178	 0.68669911702686
0.01342021430491	 0.67963463264442
0.01356055715612	 0.67964523306017
0.01370215393712	 0.67265331619949
0.01384544519219	 0.67266380772607
0.01399001672035	 0.66574371296188
0.01413631832108	 0.66575409671781
0.01428392709161	 0.65890508628194
0.01443307716508	 0.65212653571136
0.01458401210211	 0.65213670707708
0.01473652545204	 0.65214687860144
0.01489040147226	 0.64543785375387
0.01504611891094	 0.6454479207947
0.01520322764769	 0.63880781213128
0.01536197688424	 0.63223601423569
0.01552262585653	 0.63224587536443
0.01568471018896	 0.62574158403562
0.01584873416787	 0.62575134386926
0.01601447343928	 0.62576110385511
0.01618169355143	 0.61932352524795
0.01635091476942	 0.61933318497768
0.0165216479385	 0.61296173421516
0.01669416387114	 0.60665583037601
0.01686874428416	 0.60666529252481
0.0170448845314	 0.60042416394587
0.01722313263081	 0.60043352889795
0.01740297333434	 0.5942565101973
0.01758496617303	 0.59426577895109
0.01776886221485	 0.59427504784944
0.0179544013238	 0.58816138512539
0.01814216076014	 0.58817055881213
0.01833159778212	 0.58211969661657
0.01852301286977	 0.57613108325813
0.01871671860203	 0.5761400693055
0.01891215504866	 0.57021297194833
0.01910963220582	 0.56434685018538
0.01930947255175	 0.5643556524314
0.01951109842337	 0.5585497884163
0.01971482963431	 0.55280365279556
0.01992099887565	 0.55281227499971
0.02012901018984	 0.54712516460983
0.02033919351895	 0.54149656092478
0.02055157154275	 0.53592586205106
0.02055125100022	 0.53040419945251
0.02055093046269	 0.5249394267337
0.02076551940373	 0.51953906099864
0.02076519552426	 0.51418623217522
0.02076487164984	 0.50888855373135
0.02076454778047	 0.50364545745079
0.02076422391615	 0.49845638097163
0.02054900734248	 0.49331307340993
0.02054868683995	 0.4882304518391
0.02033570426025	 0.48319266022752
0.0203353870846	 0.47821430962195
0.02012461530954	 0.47327986928036
0.01991602813716	 0.46839634481684
0.01970960292455	 0.46356321085741
0.01950562149232	 0.46355598066947
0.01930345005351	 0.45877279186566
0.01910367203648	 0.45876563639381
0.01890596159057	 0.45875848103356
0.01871000549359	 0.45402479508918
0.01851636923759	 0.45401771367176
0.01832445117891	 0.44933294519649
0.01813452230832	 0.44469651636745
0.01813423946447	 0.44011479285678
0.01813395662503	 0.4355802750011
0.01813367379	 0.43109247643893
0.01813339095938	 0.42665091581977
0.01813310813317	 0.42225511675251
0.01813282531138	 0.41790460775431
0.01832216485436	 0.41360537319636
0.01851348144515	 0.40935036743476
0.01870679572772	 0.40513913546141
0.01890271820775	 0.40936313699569
0.01890242338236	 0.40514545450855
0.0190997989233	 0.40097748098852
0.01929953643697	 0.40098373512538
0.01950105855755	 0.39685857570087
0.01970499227256	 0.39686476559423
0.01991105863898	 0.39687095558414
0.02011927995918	 0.39687714567059
0.02032967876872	 0.39688333585359
0.02054227783887	 0.39688952613314
0.02075677643085	 0.39280648628439
0.02097384190536	 0.39281261297639
0.02119317735759	 0.39281873976395
0.02141447251962	 0.38877757852843
0.02163841589803	 0.38878364238064
0.02186470118034	 0.38878970632743
0.02209335285717	 0.38879577036879
0.02232404748204	 0.38479599582472
0.02255750280569	 0.38480199757528
0.02279339950509	 0.38480799941945
0.02303140388506	 0.38084924945934
0.0232722564389	 0.3808551896516
0.02351562772555	 0.38086112993651
0.02376154408485	 0.38086707031408
0.02400965764798	 0.37694886304789
0.02426074036053	 0.37695474240494
0.02451444878851	 0.37696062185369
0.0247704240406	 0.37308260255841
0.02502946252213	 0.3730884216125
0.02529120991711	 0.37309424075738
0.02555569455421	 0.37310005999301
0.02582294505831	 0.3731058793194
0.02609258338173	 0.36926751606526
0.02636544843916	 0.36927327561459
0.02664116700245	 0.36927903525376
0.02691976891234	 0.36928479498276
0.02720128432164	 0.3692905548016
0.02748531500376	 0.36549144207189
0.02777274465177	 0.36549714272494
0.02806318011588	 0.3655028434669
0.02835665282964	 0.36550854429778
0.0286531945553	 0.36551424521758
0.02895238581033	 0.36175398164235
0.02925515745625	 0.36175962400138
0.02956109535832	 0.36176526644841
0.02987023262789	 0.36177090898346
0.030182131965	 0.35804915534615
0.03049776376932	 0.35805473992016
0.0308166963158	 0.35806032458128
0.03113847844829	 0.3543767439442
0.03146411131437	 0.35438227123878
0.03179314950945	 0.35438779861957
0.03212562864499	 0.35439332608657
0.03246107840206	 0.35074747005545
0.03280054245178	 0.35075294074342
0.03314355647109	 0.35075841151672
0.03349015758404	 0.35076388237534
0.03383985549501	 0.34715536460166
0.03419373820482	 0.34716077926274
0.03455132166839	 0.34716619400828
0.0349126445866	 0.34717160883828
0.03527719583865	 0.34360004693022
0.03564610963793	 0.34360540613821
0.03601888137967	 0.34361076542979
0.03639555140856	 0.34361612480496
0.03677616049122	 0.34362148426371
0.03716017022498	 0.34008644460972
0.03754877536362	 0.34009174901525
0.0379414443683	 0.34009705350352
0.03833821973719	 0.34010235807453
0.03873854019907	 0.33660352177566
0.03914365125463	 0.33660877185726
0.03955238188056	 0.33314587616857
0.03996600374373	 0.33315107232048
0.04038395108713	 0.33315626855344
0.04080626914477	 0.33316146486744
0.04123236051322	 0.32973403368684
0.04166355087313	 0.32973917662347
0.04209925043708	 0.32974431964032
0.04253950636039	 0.32974946273738
0.04298369586504	 0.32635713286267
0.04343320093969	 0.32636222312901
0.04388740674582	 0.32636731347474
0.04434636244165	 0.32637240389987
0.04481011769951	 0.3263774944044
0.04527801649965	 0.32301985398397
0.04575151459648	 0.32302489219802
0.04622996433352	 0.32302993049064
0.04671341749292	 0.32303496886185
0.04720119019064	 0.31971171500012
0.04769480001393	 0.31971670161637
0.04819357179725	 0.31972168831039
0.04869755952219	 0.3197266750822
0.04920681773481	 0.31973166193178
0.04972062604772	 0.31644239116343
0.05024058305173	 0.31644732678729
0.05076597754331	 0.31645226248813
0.05129606630895	 0.31319672886255
0.05183249859221	 0.31320161386308
0.05237454065444	 0.3132064989398
0.05292142573281	 0.30998435642443
0.05347485532852	 0.30998919132086
0.05403407245381	 0.3099940262927
0.05459828605033	 0.30680493240413
0.05516925153278	 0.30680971771036
0.0557461879276	 0.30681450309122
0.05632915767604	 0.30681928854673
0.05691733611972	 0.30366285508347
0.05751255323417	 0.30366759138201
0.05811399487418	 0.30367232775441
0.05872081025135	 0.30054826895835
0.05933488732556	 0.30055295667796
0.0599553861547	 0.30055764447071
0.06058237389474	 0.30056233233657
0.06121496362023	 0.29747026792278
0.06185512348173	 0.29747490763412
0.06250100301844	 0.29441460540415
0.06315461172895	 0.29441919745565
0.06381406027691	 0.29139033114325
0.06448140037764	 0.29139487602444
0.06515571923522	 0.29139942097651
0.06583606297046	 0.28840162091023
0.06652454830902	 0.28840611917583
0.06721918509936	 0.28543911299481
0.06792213453653	 0.28544356505349
0.06863243511773	 0.28544801718163
0.06934908206469	 0.28251144276442
0.07007430505175	 0.28251584915957
0.0708060077327	 0.2796094397079
0.07154535071507	 0.27673293022795
0.07229354133867	 0.27673724649433
0.07304955621925	 0.27674156282802
0.0738123259119	 0.2738945569122
0.07458422359081	 0.27389882890783
0.0753630179908	 0.27108106789545
0.07614994441508	 0.26829229487531
0.07694628790672	 0.26829647949118
0.07775095921739	 0.26830066417232
0.07856282007371	 0.26554049482763
0.07938439638517	 0.26554463652305
0.08021331328442	 0.26281282008257
0.08105214974671	 0.26281691923382
0.08189848101211	 0.26011316445194
0.08275494023647	 0.26011722149607
0.0836190517191	 0.25744124011893
0.08449350393473	 0.25744525548843
0.08537576917169	 0.25479676222313
0.08626859238576	 0.25480073634612
0.08717075236246	 0.25480471053108
0.08808234674165	 0.25480868477804
0.08900208599854	 0.252187315492
0.08993283168025	 0.25219124891485
0.09087331070152	 0.25219518239905
0.09182219267784	 0.24960069977455
0.09278242982691	 0.24960459285336
0.09375270872467	 0.2496084859929
0.09473313438341	 0.24961237919316
0.09572231991085	 0.24704446740945
0.09672334291949	 0.24704832061813
0.09773483419785	 0.24705217388691
0.09875690321861	 0.24705602721579
0.09978966059929	 0.24705988060477
0.10083321811415	 0.24706373405385
0.10188609956575	 0.24452204170649
0.10295158074109	 0.24452585557232
0.10402820426206	 0.24452966949764
0.10511608665051	 0.24453348348244
0.10621534564687	 0.24453729752674
0.10732442625937	 0.24202159614244
0.10844677912518	 0.24202537100825
0.10958086907638	 0.24202914593294
0.11072681885438	 0.24203292091651
0.11188475248417	 0.24203669595896
0.11305479528773	 0.24204047106029
0.11423707389761	 0.24204424622051
0.11543171627065	 0.2420480214396
0.11663885170176	 0.24205179671758
0.11785861083801	 0.24205557205444
0.11909112569268	 0.24205934745018
0.12033652965963	 0.24206312290481
0.12159495752766	 0.24206689841833
0.12286654549515	 0.24207067399073
0.12415143118478	 0.24207444962203
0.12544975365844	 0.24207822531221
0.12675967633278	 0.23958782187402
0.12808527471667	 0.2395915587797
0.12942473564049	 0.23959529574367
0.13077616432721	 0.23713043568645
0.13077412461348	 0.23468727264763
0.13213964336543	 0.23227290435843
0.13213758238554	 0.22987978863203
0.1321355214378	 0.22751132925932
0.13213346052219	 0.22516727220502
0.13213139963874	 0.22284736605122
0.13212933878743	 0.22055136197035
0.13075984750812	 0.21827560920427
0.12940455070206	 0.21602333872643
0.12940253238136	 0.21379764283391
0.12806130384543	 0.21159157812084
0.12673397684567	 0.20940827662187
0.12542040729575	 0.20724750345547
0.12412238853766	 0.20724427101949
0.12283588752109	 0.20510582708148
0.1215627208021	 0.20298944861458
0.12030462656299	 0.20298628259141
0.11905769580219	 0.20089177458223
0.1178255269249	 0.20088864127646
0.1166061101854	 0.20088550801955
0.11539751372622	 0.19881267679123
0.11420322532704	 0.1988095759131
0.1130212970276	 0.19880647508336
0.11185160090901	 0.19880337430197
0.11069228388353	 0.1967520275094
0.10954669151978	 0.1967489587712
0.10841295528382	 0.19674589008085
0.10728927905727	 0.19471577337894
0.10617890555617	 0.19471273640016
0.10617724948549	 0.19270660437673
0.10507838475935	 0.19270359873492
0.1039892706164	 0.19071519229782
0.10291305003308	 0.19071221771603
0.10184796762523	 0.19070924318064
0.10079390812007	 0.19070626869165
0.09974920162684	 0.18873847164607
0.09871686296993	 0.18873552789516
0.09769368458881	 0.18678806588075
0.09668111122461	 0.18486069869607
0.09567903295863	 0.1829532189932
0.09468881787152	 0.18295036547479
0.0937073892841	 0.1810625974893
0.09273613298623	 0.17919430838245
0.09273468658226	 0.1773480632569
0.09177351213206	 0.17551810246269
0.09177208074207	 0.17370973341323
0.0917706493744	 0.17191999605231
0.09176921802906	 0.17014869841701
0.09176778670605	 0.1683956505222
0.09176635540536	 0.16666066434017
0.09176492412699	 0.16494355378048
0.09272311616257	 0.16324668082583
0.09272166996163	 0.16156474465577
0.09368985215684	 0.15990263153071
0.09368839087773	 0.15825514921561
0.09466666739047	 0.1566270838776
0.0956551588821	 0.15501576742111
0.09565366695013	 0.1534186346351
0.09665246450507	 0.15184032541424
0.09665095701813	 0.15027590931649
0.09664944955471	 0.14872761145163
0.09766016808793	 0.14872993118997
0.09867991714942	 0.14719985746476
0.09971031423835	 0.14568552452275
0.10075147053939	 0.14418677042912
0.10180349839823	 0.14270343491493
0.10286651133361	 0.14123535936003
0.10286490692629	 0.13978020659246
0.10393900288939	 0.13834220403507
0.10502431436002	 0.13691899506973
0.10502267629748	 0.13550831395198
0.10611930328151	 0.13411425890827
0.10722738103774	 0.13273454534227
0.1083487190462	 0.13273661563313
0.10834702913297	 0.13136902571464
0.10948007594149	 0.13137107470717
0.11062324625217	 0.13001958191716
0.11062152086318	 0.12867998569053
0.1106197955011	 0.12735419136993
0.11177486654853	 0.12604402266043
0.11294199863005	 0.12474733243977
0.1141213176847	 0.12346398204668
0.11531474952885	 0.12346590774245
0.11651884440101	 0.12219574013137
0.11773734855232	 0.12219764604608
0.11896673974671	 0.12094052580134
0.12020896801214	 0.11969633830416
0.12146416739091	 0.11846495050764
0.12273438761118	 0.11846679823239
0.12401595694524	 0.11724805944971
0.12531090818464	 0.11604185856156
0.12530895371242	 0.11484627529966
0.12661938106072	 0.1148480665831
0.12661740618027	 0.11366478300104
0.12794151676386	 0.11366655585648
0.12927745795873	 0.1124972000371
0.1306293862241	 0.11249895468149
0.13199339364508	 0.11134161067349
0.13337164377436	 0.11019617295526
0.13476428533163	 0.10906251903967
0.13617146858947	 0.10794052769971
0.13759334538955	 0.10683007895548
0.13903006915909	 0.1057310540614
0.14048179492734	 0.10464333549349
0.14194867934234	 0.10356680693682
0.14343088068783	 0.10250135327305
0.14492855890029	 0.10144686056813
0.14644415967347	 0.10144844285786
0.14797330197695	 0.1004047820719
0.14952074336868	 0.1004063481081
0.15108201077903	 0.09937340797388
0.1526595806493	 0.09835109431241
0.1542536232067	 0.09733929780279
0.15586431045594	 0.0963379102488
0.15749427263338	 0.09633941285307
0.15913879813291	 0.09534831171337
0.16080049545763	 0.09436740662366
0.16247954391251	 0.09339659269108
0.16417612467477	 0.09243576610185
0.16589042081346	 0.0914848241102
0.16762523175725	 0.09148625101979
0.16937554282177	 0.09054507725749
0.17114413030442	 0.0896135859124
0.17293388229107	 0.08961498363586
0.17473962528353	 0.08869306071994
0.17656422350385	 0.08778062217626
0.17840787383475	 0.08687757043341
0.18027358693904	 0.08687892548261
0.18215596974354	 0.08598515003275
0.18405800803437	 0.08510056938533
0.18598280782126	 0.08510189671824
0.18792480523376	 0.08422640262574
0.18988708061707	 0.08335991526441
0.19186984570995	 0.08250234197663
0.19387633834821	 0.0825036287844
0.19590075851815	 0.08165486462759
0.19794940471549	 0.08165613821706
0.20001635507646	 0.08081609270243
0.20210488814339	 0.07998468923824
0.20421841447013	 0.07998593677761
0.20635082464896	 0.07916307362377
0.20850550105281	 0.07834867575516
0.21068596224696	 0.07834989777725
0.21288590534022	 0.07754386553476
0.21510881982447	 0.07674612542786
0.2173583356971	 0.07674732245462
0.21962795045586	 0.07595777686262
0.221921264104	 0.07517635379819
0.22423852410086	 0.07440296970002
0.22658351450911	 0.07440413018004
0.22894945684564	 0.07363869040793
0.2313437121701	 0.07363983896731
0.23375935959307	 0.07288226191586
0.23620023075097	 0.07213247851248
0.23867031156228	 0.07213360357914
0.24116246195469	 0.07139152207168
0.2436806349116	 0.07065707480036
0.24622894258458	 0.07065817685481
0.24880001877696	 0.0699312739442
0.25140186277296	 0.06993236467816
0.2540269536226	 0.06921292863136
0.2566834586637	 0.06921400816113
0.25936369894179	 0.06850196227731
0.2620719257835	 0.06779724163522
0.26480843141927	 0.06709977087572
0.26757768453576	 0.06710081744608
0.2703716802663	 0.06641051121859
0.27319485037348	 0.06572730658398
0.27605180506616	 0.06572833174772
0.27893428596551	 0.06505214510119
0.28185126121651	 0.06505315973427
0.2847942989435	 0.06438391898592
0.28777255569945	 0.06438492319652
0.29077742246699	 0.06372255699697
0.29381366548674	 0.06306700495452
0.29688624291358	 0.06306798862493
0.29688161238363	 0.06241819696788
0.29998627308463	 0.06241917051868
0.30312340099703	 0.06242014408466
0.30628855839678	 0.06177799074253
0.30949159290871	 0.06177895430789
0.31272324576769	 0.06114339726835
0.3159886429365	 0.06051437858406
0.31928813676686	 0.05989183099106
0.32262711529961	 0.05989276513756
0.32599592680671	 0.05927661245373
0.32940505253369	 0.05927753700452
0.33284463798342	 0.05866771354034
0.3363253845975	 0.05866862859399
0.33983723084981	 0.05806506933468
0.34339110300406	 0.05806597498876
0.34338574713856	 0.05746771925033
0.34697672815575	 0.0574686155874
0.35060526211385	 0.05746951193846
0.35426621615475	 0.05687828870911
0.35796539718747	 0.05629314774661
0.36170320437107	 0.05571402647904
0.36548574150775	 0.05571489546337
0.36930207470879	 0.05514172302276
0.37315825734155	 0.05457444714974
0.37706058651418	 0.05457529835979
0.38100372457332	 0.05457614958311
0.38498209362763	 0.05401469210221
0.38900807141413	 0.05401553458163
0.39307002034894	 0.05345984448243
0.39718057820776	 0.05346067830777
0.40132786291761	 0.0529106963468
0.40552477775586	 0.05291152160695
0.4097591910241	 0.05236718914929
0.4140378192373	 0.05182845656507
0.41836764935306	 0.05182926494528
0.41836112407957	 0.05129526624504
0.42273616546502	 0.05129606630895
0.42715695915875	 0.05129686638536
0.43161725158649	 0.05076914485134
0.43612411754677	 0.05024685230426
0.4406849167072	 0.05024763601583
0.44528646551698	 0.04973070854194
0.4499430805868	 0.0497314842031
0.4546413013982	 0.0492198666915
0.45939574533352	 0.04922063438494
0.46419266908792	 0.04871427229085
0.46904699713417	 0.04871503209843
0.47394469744014	 0.04821387143735
0.47890100802056	 0.04821462344005
0.48390160205025	 0.04771861078203
0.48896203767298	 0.04771935506005
0.4940676870773	 0.04722843752396
0.4992344352615	 0.04722917415663
0.5044473471046	 0.04674329940457
0.50971469119028	 0.04626242313658
0.5150450690394	 0.0462631447021
0.52043118969623	 0.04626386627888
0.52586543405252	 0.0457879222261
0.53135642176376	 0.04531687449435
0.53691311955864	 0.04531758131194
0.54251946511893	 0.04485137225838
0.54819290123833	 0.04485207181542
0.55391702815212	 0.04439065173637
0.55970965510234	 0.04439134410745
0.56555403778851	 0.0439346638098
0.57145944641674	 0.04348268165541
0.57743552446098	 0.04348335986467
0.58347409776892	 0.04348403808451
0.58956662428466	 0.04303669178638
0.59573205943688	 0.04303736303944
0.60195258127714	 0.04259461195455
0.60824754346073	 0.04259527631239
0.61459874962539	 0.04215707323798
0.62102596001922	 0.04215773077143
0.62751059600023	 0.0417240289896
0.63407283295126	 0.04172467976876
0.63406294332749	 0.04129478895731
0.64069370191946	 0.04129543304151
0.64739380214378	 0.04129607713576
0.65415376616064	 0.04087123970005
0.66098431644719	 0.04045077282105
0.66789660722456	 0.04045140374094
0.67487065766631	 0.04003525596546
0.68192816585044	 0.04003588040444
0.68904873118172	 0.03962400736596
0.69625450758397	 0.0396246253906
0.70353563890846	 0.03962524342489
0.71088182539936	 0.03921759485452
0.71831592294637	 0.03921820654026
0.72581644237639	 0.03881474540169
0.73339528081609	 0.03841543490907
0.74106481443378	 0.03841603408334
0.74881455274797	 0.03841663326695
0.7566335331199	 0.03802141839189
0.76454608242358	 0.03802201142059
0.76453415781064	 0.03763026932854
0.77252932846224	 0.0376308562564
0.78060810918291	 0.03763144319341
0.78875907187652	 0.03724430603809
0.79700757630006	 0.03724488694599
0.80532977913721	 0.0368617265259
0.81373888084725	 0.03648250790614
0.8222486134102	 0.0364830769321
0.8308343783977	 0.03610775370709
0.83952288834933	 0.03610831688793
0.84830225901538	 0.03610888007755
0.85716007125791	 0.03573740643932
0.86612388402602	 0.03573796384376
0.87516778631667	 0.03537030604259
0.88431991605332	 0.03537085772129
0.89356775484145	 0.03537140940859
0.90289822085664	 0.03500752257205
0.91232611383874	 0.03464737925695
0.92186682944383	 0.03464791966
0.92185245110173	 0.03429094095147
0.93149278906028	 0.03429147579506
