11.5796 0.0516
11.4891 0.052
11.3992 0.052
11.3101 0.052
11.2216 0.052
11.1339 0.052
11.0468 0.052
10.9604 0.052
10.8747 0.052
10.7896 0.052
10.7052 0.052
10.6215 0.052
10.5384 0.052
10.456 0.052
10.3742 0.052
10.2931 0.052
10.2126 0.052
10.1327 0.052
10.0535 0.052
9.9748 0.052
9.8968 0.052
9.8194 0.052
9.7426 0.052
9.6663 0.052
9.5908 0.052
9.5158 0.052
9.4414 0.052
9.3675 0.052
9.2943 0.052
9.2216 0.052
9.1494 0.052
9.0779 0.052
9.0069 0.052
8.9364 0.052
8.8665 0.052
8.7972 0.052
8.7284 0.052
8.6601 0.052
8.5924 0.052
8.5252 0.052
8.4585 0.052
8.3924 0.052
8.3267 0.052
8.2616 0.052
8.197 0.052
8.1329 0.052
8.0693 0.052
8.0061 0.052
7.9435 0.052
7.8814 0.052
7.8197 0.052
7.7586 0.0519
7.6979 0.0519
7.6377 0.0519
7.5779 0.0519
7.5187 0.0519
7.4599 0.0519
7.4016 0.0519
7.3437 0.0519
7.2862 0.0519
7.2292 0.0519
7.1727 0.0519
7.1166 0.0516
7.0609 0.0516
7.0057 0.0516
6.9508 0.0516
6.8965 0.0516
6.8426 0.0516
6.7891 0.0516
6.736 0.0516
6.6833 0.0516
6.631 0.0516
6.5792 0.0519
6.5276 0.0519
6.4767 0.0523
6.426 0.0523
6.3758 0.0523
6.3259 0.0523
6.2765 0.0526
6.2274 0.0526
6.1787 0.0526
6.0824 0.0526
6.0348 0.0526
5.9876 0.0526
5.9407 0.0526
5.8942 0.0526
5.8481 0.0526
5.8025 0.0526
5.757 0.0526
5.7121 0.0526
5.6674 0.0526
5.6231 0.0526
5.5791 0.0526
5.4922 0.0526
5.4492 0.0526
5.4066 0.0526
5.3643 0.0526
5.3224 0.0529
5.2395 0.0529
5.1985 0.0529
5.1579 0.0533
5.1175 0.0533
5.0775 0.0533
4.9984 0.0536
4.9593 0.0536
4.9205 0.0536
4.8439 0.0536
4.806 0.0536
4.7684 0.0536
4.6941 0.0536
4.6574 0.0536
4.6209 0.0536
4.5489 0.0533
4.5133 0.0529
4.478 0.0529
4.4082 0.0523
4.3737 0.0519
4.3054 0.051
4.2717 0.05
4.2052 0.0497
4.1723 0.0497
4.1073 0.0497
4.0751 0.0497
4.0116 0.0497
3.9803 0.05
3.9802 0.0493
3.9183 0.0506
3.8877 0.0513
3.8273 0.0539
3.7677 0.0553
3.7383 0.0564
3.6802 0.0582
3.6229 0.0601
3.5947 0.0616
3.5387 0.0628
3.4836 0.0636
3.4294 0.0644
3.4564 0.064
3.4564 0.0636
3.4025 0.0632
3.4025 0.0628
3.3494 0.0604
3.2971 0.0585
3.2456 0.0564
3.2202 0.0553
3.1699 0.0532
3.1204 0.0516
3.0717 0.0497
3.0238 0.0484
2.9533 0.0466
2.9072 0.046
2.8618 0.0457
2.8173 0.0455
2.7734 0.0455
2.7088 0.0457
2.6667 0.0466
2.6252 0.0478
2.5846 0.0557
2.5448 0.0664
2.5257 0.0965
2.5662 0.1235
2.607 0.1366
2.6278 0.1493
2.6695 0.1601
2.7119 0.1694
2.755 0.1794
2.8207 0.184
2.8207 0.1863
2.8653 0.1851
2.9106 0.184
2.9567 0.1828
3.0272 0.1794
3.075 0.1771
3.1237 0.1749
3.173 0.1705
3.198 0.1642
3.2484 0.1571
3.2998 0.1531
3.3519 0.1465
3.4049 0.1438
3.4317 0.142
3.4859 0.1375
3.4859 0.1375
3.4859 0.1384
3.5133 0.1393
3.5135 0.142
3.5692 0.1475
3.5974 0.1503
3.6545 0.1551
3.7124 0.1601
3.7417 0.1632
3.8011 0.1695
3.8311 0.1749
3.8919 0.1828
3.9536 0.1863
3.9848 0.1887
4.0479 0.1911
4.0799 0.1936
4.1445 0.1948
4.1771 0.1948
4.2432 0.1948
4.2767 0.1948
4.3444 0.1948
4.3786 0.1936
4.4478 0.1899
4.4828 0.1875
4.5537 0.1852
4.5896 0.184
4.6258 0.1829
4.6989 0.1817
4.736 0.1817
4.7732 0.1806
4.8489 0.1806
4.8871 0.1806
4.9256 0.1806
5.0036 0.1806
5.043 0.1806
5.0828 0.1806
5.1229 0.1817
5.204 0.1829
5.245 0.184
5.2864 0.184
5.3281 0.184
5.37 0.184
5.4551 0.184
5.4981 0.184
5.5413 0.184
5.5851 0.1841
5.6291 0.1841
5.6735 0.1841
5.7633 0.1841
5.8087 0.1841
5.8545 0.1841
5.9005 0.1841
5.9472 0.1841
5.994 0.1841
6.0413 0.1841
6.0889 0.1841
6.1369 0.1852
6.1853 0.1852
6.2341 0.1852
6.2832 0.1852
6.3327 0.1852
6.3827 0.1852
6.433 0.1852
6.4837 0.1852
6.5348 0.1864
6.5864 0.1864
6.6383 0.1864
6.6905 0.1864
6.7433 0.1864
6.7965 0.1864
6.85 0.1864
6.9041 0.1864
6.9585 0.1864
7.0133 0.1864
7.0686 0.1864
7.1244 0.1864
7.1804 0.1864
7.2371 0.1864
7.2942 0.1864
7.3517 0.1864
7.4096 0.1864
7.468 0.1864
7.5269 0.1864
7.5862 0.1864
7.646 0.1853
7.7063 0.1853
7.767 0.1853
7.8282 0.1853
7.8899 0.1853
7.9521 0.1853
8.0148 0.1853
8.078 0.1853
8.1417 0.1853
8.2059 0.1853
8.2705 0.1853
8.3357 0.1853
8.4015 0.1853
8.4677 0.1853
8.5344 0.1853
8.6017 0.1853
8.6695 0.1853
8.7379 0.1853
8.8067 0.1853
8.8761 0.1853
8.9461 0.1853
9.0166 0.1853
9.0877 0.1853
9.1594 0.1853
9.2316 0.1853
9.3043 0.1853
9.3777 0.1853
9.4516 0.1853
9.5261 0.1853
9.6012 0.1853
9.6768 0.1853
9.7532 0.1853
9.83 0.1853
9.9075 0.1853
9.9856 0.1853
10.0644 0.1853
10.1437 0.1853
10.2237 0.1853
10.3042 0.1853
10.3855 0.1853
10.4673 0.1853
10.5497 0.1853
10.633 0.1853
10.7168 0.1853
10.8013 0.1853
10.8864 0.1853
10.9723 0.1853
11.0588 0.1853
11.1459 0.1853
11.2338 0.1853
11.3224 0.1853
11.4116 0.1853
11.5016 0.1853
11.5922 0.1853
11.6836 0.1853
11.7757 0.1853
11.8685 0.1853
11.9621 0.1853
12.0564 0.1853
12.0564 0.1853