0.4662 0.0177
0.4553 0.0162
0.4482 0.0152
0.4377 0.0144
0.4275 0.0138
0.4176 0.0133
0.4078 0.013
0.3982 0.0128
0.3891 0.0128
0.377 0.0128
0.3683 0.0128
0.3597 0.0128
0.3486 0.013
0.3378 0.0132
0.3299 0.0137
0.3197 0.0142
0.3099 0.0147
0.3003 0.0153
0.2888 0.016
0.2798 0.0167
0.2711 0.0176
0.2608 0.0189
0.2527 0.0202
0.2449 0.0227
0.2374 0.0257
0.2337 0.0323
0.2375 0.0393
0.2432 0.0455
0.2469 0.051
0.2529 0.056
0.259 0.0616
0.2652 0.0674
0.2715 0.0709
0.2802 0.0755
0.2869 0.0784
0.296 0.0809
0.3054 0.0825
0.3152 0.083
0.3253 0.083
0.3357 0.082
0.3464 0.0799
0.3546 0.0784
0.3659 0.076
0.3747 0.0741
0.3836 0.0713
0.3927 0.07
0.4021 0.0695
0.4117 0.0695
0.4215 0.0695
0.4315 0.0695
0.4418 0.0695
0.4523 0.0691
0.4595 0.0674
0.4704 0.0649
0.4741 0.0609
0.4816 0.0575
0.4892 0.053
0.4929 0.0482
0.4968 0.0419
0.4967 0.0319
0.4889 0.0257
0.4849 0.023
0.4774 0.0202
0.4662 0.0182
0.4626 0.018
0.4662 0.0177
