1.0147 0.0269
0.9988 0.0257
0.9832 0.0239
0.9678 0.0224
0.9527 0.022
0.9379 0.0217
0.9233 0.0214
0.9233 0.0209
0.9089 0.0211
0.9089 0.0214
0.8948 0.0228
0.8809 0.0239
0.8672 0.0264
0.8537 0.0281
0.8471 0.0313
0.834 0.036
0.8276 0.0422
0.8344 0.0554
0.841 0.0613
0.8477 0.0687
0.8612 0.076
0.8679 0.081
0.875 0.0885
0.8888 0.0902
0.9029 0.0937
0.9172 0.0973
0.9245 0.0967
0.939 0.0908
0.9464 0.0891
0.9614 0.0863
0.9766 0.0826
0.9842 0.0795
0.9998 0.0746
1.0076 0.0709
1.0154 0.0641
1.0233 0.0568
1.0313 0.0493
1.0229 0.0358
1.0148 0.0321
1.0068 0.0278
0.991 0.0276
1.0147 0.0269
