21.8857 0.0124
21.7458 0.0124
21.6071 0.0123
21.4689 0.0123
21.3317 0.0123
21.195 0.0124
21.0594 0.0124
20.9245 0.0124
20.7908 0.0124
20.6576 0.0125
20.5253 0.0126
20.3941 0.0126
20.2634 0.0127
20.1336 0.0127
20.0049 0.0127
19.8768 0.0128
19.7497 0.0128
19.6232 0.0129
19.4975 0.0129
19.3726 0.013
19.2487 0.013
19.1254 0.0131
19.0029 0.0132
18.8812 0.0132
18.7605 0.0132
18.6402 0.0133
18.5209 0.0134
18.4022 0.0135
18.2846 0.0135
18.1675 0.0135
18.0511 0.0136
17.9355 0.0137
17.8206 0.0138
17.7066 0.0138
17.5934 0.0138
17.4809 0.0138
17.3694 0.0137
17.2586 0.0136
17.2588 0.0135
17.1487 0.0135
17.0392 0.0134
16.9304 0.0133
16.8225 0.0132
16.8227 0.0132
16.7154 0.0131
16.6087 0.013
16.5027 0.0129
16.3974 0.0129
16.2928 0.0128
16.1888 0.0127
16.189 0.0126
16.0857 0.0126
16.0859 0.0125
15.9832 0.0124
15.8813 0.0124
15.78 0.0123
15.32862 0.01292
15.13825 0.01292
14.95024 0.01291
14.76457 0.01291
14.58121 0.01291
14.40012 0.01291
14.22128 0.01291
14.04467 0.01291
13.87002 0.01305
13.69776 0.01305
13.52742 0.01319
13.35942 0.01319
13.19329 0.01334
13.02923 0.01348
12.8672 0.01363
12.70719 0.01378
12.54896 0.01409
12.39291 0.01424
12.23799 0.01504
12.0856 0.01537
11.9353 0.01554
11.78689 0.01571
11.63993 0.01624
11.49518 0.01642
11.35223 0.0166
11.21106 0.01678
11.07165 0.01696
10.93396 0.01715
10.79835 0.01696
10.66442 0.01677
10.53233 0.01641
10.40168 0.01623
10.27285 0.01587
10.14544 0.0157
10.01961 0.01553
9.8955 0.01519
9.77277 0.01502
9.65172 0.01469
9.53248 0.01406
9.41425 0.01391
9.29764 0.0136
9.18232 0.01346
9.06844 0.01331
8.95611 0.01302
8.84503 0.01287
8.73518 0.01287
8.62684 0.01273
8.5197 0.01273
8.41403 0.01259
8.30954 0.01259
8.20647 0.01245
8.10456 0.01245
8.0039 0.01245
7.9045 0.01245
7.80633 0.01245
7.70939 0.01245
7.61364 0.01245
7.51895 0.01258
7.42558 0.01258
7.33335 0.01258
7.24229 0.01258
7.15234 0.01258
7.06352 0.01258
6.97579 0.01258
6.88916 0.01258
6.80349 0.01271
6.71899 0.01271
6.63544 0.01285
6.55304 0.01285
6.47155 0.01299
6.39107 0.01313
6.3117 0.01313
6.23321 0.01328
6.1558 0.01328
6.07925 0.01342
6.00365 0.01357
5.92899 0.01372
5.85526 0.01387
5.78244 0.01402
5.71054 0.01417
5.63961 0.01417
5.56949 0.01433
5.50023 0.01449
5.43183 0.01464
5.36428 0.0148
5.29757 0.01497
5.23169 0.01513
5.16664 0.0153
5.10239 0.01546
5.03885 0.01581
4.97611 0.01616
4.91431 0.01615
4.8532 0.01633
4.79292 0.01633
4.73324 0.01669
4.67445 0.01669
4.61641 0.01669
4.55908 0.01669
4.50246 0.01669
4.44654 0.01669
4.39132 0.01668
4.33678 0.01668
4.28292 0.01668
4.22973 0.01668
4.1772 0.01668
4.12531 0.01668
4.07402 0.01686
4.02343 0.01686
3.97339 0.01704
3.92391 0.01742
3.87506 0.01781
3.82681 0.0182
3.77871 0.02009
3.7316 0.02076
3.68514 0.02122
3.59394 0.02217
3.63895 0.02291
3.59388 0.02241
3.54924 0.02241
3.50522 0.02216
3.46174 0.02192
3.41887 0.02144
3.37646 0.02121
3.29328 0.02052
3.25271 0.01921
3.21252 0.01838
3.17289 0.0174
3.09493 0.01611
3.05669 0.01542
3.01888 0.01492
2.98149 0.01459
2.90808 0.01396
2.87201 0.01381
2.80121 0.01351
2.76647 0.01336
2.80112 0.01381
2.73193 0.01396
2.76633 0.01381
2.69791 0.01427
2.66414 0.01524
2.59821 0.01592
2.56577 0.01663
2.5019 0.01918
2.47042 0.0214
2.53135 0.03248
2.56293 0.03468
2.62754 0.03706
2.66045 0.0383
2.72756 0.04047
2.76172 0.04183
2.79631 0.04323
2.86699 0.0442
2.83124 0.04567
2.90314 0.04324
2.86703 0.04372
2.90303 0.0442
2.83147 0.04324
2.86713 0.04277
2.90317 0.04277
2.97685 0.04094
3.01444 0.03962
3.0525 0.03834
3.13012 0.03551
3.16964 0.03436
3.20966 0.03325
3.25023 0.03182
3.33288 0.02947
3.3749 0.02884
3.41751 0.0279
3.4606 0.0273
3.50424 0.02671
3.54842 0.02613
3.5931 0.02585
3.59304 0.02613
3.63823 0.02614
3.6838 0.02701
3.63792 0.02761
3.68306 0.03082
3.7292 0.03185
3.77591 0.03292
3.8232 0.03402
3.87109 0.03516
3.91957 0.03634
3.96872 0.03715
4.01857 0.03756
4.06911 0.03757
4.12028 0.03757
4.17202 0.03799
4.22449 0.03799
4.27761 0.03799
4.33141 0.038
4.38588 0.038
4.44103 0.038
4.49688 0.038
4.55328 0.03885
4.61038 0.03972
4.66821 0.0406
4.72675 0.0415
4.78603 0.04243
4.84614 0.0429
4.90676 0.04483
4.9683 0.04583
5.0307 0.04634
5.09387 0.04685
5.15785 0.04737
5.22262 0.0479
5.2883 0.0479
5.35471 0.04843
5.42196 0.04897
5.49014 0.04898
5.55908 0.04952
5.629 0.04952
5.69979 0.04953
5.77146 0.04953
5.84404 0.04953
5.91753 0.04954
5.99185 0.05009
6.0672 0.05009
6.14339 0.05065
6.22065 0.05065
6.29888 0.05066
6.37798 0.05122
6.45819 0.05122
6.53929 0.05179
6.62153 0.0518
6.7048 0.0518
6.789 0.05238
6.87436 0.05238
6.96071 0.05296
7.04824 0.05297
7.13675 0.05355
7.2265 0.05356
7.31738 0.05356
7.40927 0.05416
7.50245 0.05416
7.59679 0.05416
7.6922 0.05477
7.78893 0.05477
7.88688 0.05477
7.98593 0.05538
8.08636 0.05539
8.18791 0.056
8.29088 0.05601
8.39514 0.05601
8.50071 0.05602
8.60775 0.05541
8.716 0.05541
8.82575 0.05481
8.93688 0.05422
9.04942 0.05363
9.16337 0.05305
9.27891 0.0519
9.3959 0.05078
9.51438 0.04968
9.6345 0.04807
9.75598 0.04703
9.87931 0.04502
10.00389 0.04404
10.13002 0.04309
10.25741 0.04309
10.3864 0.0431
10.51702 0.0431
10.64927 0.0431
10.78337 0.04263
10.91896 0.04264
11.05628 0.04264
11.19532 0.04264
11.33592 0.04312
11.47809 0.04408
11.62205 0.04506
11.7678 0.04606
11.9154 0.04709
12.06484 0.04814
12.21635 0.04867
12.36978 0.04921
12.52471 0.05086
12.68201 0.05143
12.84128 0.052
13.00255 0.05258
13.16584 0.05316
13.33118 0.05375
13.49861 0.05435
13.66813 0.05495
13.66813 0.05495
13.7475 0.0508
13.8357 0.0511
13.9247 0.0511
14.0143 0.0514
14.1044 0.0514
14.1954 0.0511
14.2867 0.0511
14.3786 0.0511
14.4713 0.0508
14.5645 0.0508
14.6582 0.0508
14.7525 0.0508
14.8476 0.0505
14.9431 0.0505
15.0393 0.0505
15.1362 0.0503
15.2336 0.0503
15.3317 0.0503
15.4304 0.05
15.5298 0.05
15.6297 0.05
15.7305 0.0497
15.8319 0.0493
15.934 0.0492
16.0367 0.0489
16.0369 0.0486
16.1403 0.0483
16.2443 0.0481
16.3491 0.0478
16.4545 0.0475
16.5606 0.0473
16.6673 0.047
16.7748 0.0467
16.8829 0.0465
16.9918 0.0462
16.992 0.046
17.1013 0.046
17.1015 0.0457
17.2118 0.0455
17.3228 0.0452
17.4344 0.045
17.5468 0.0447
17.5471 0.0445
17.6598 0.0447
17.7734 0.0447
17.8875 0.045
18.0024 0.0452
18.1179 0.0455
18.2344 0.0457
18.3514 0.046
18.4695 0.046
18.588 0.0462
18.7075 0.0465
18.8276 0.0468
18.9487 0.0468
19.0705 0.047
19.1929 0.0473
19.3162 0.0476
19.4405 0.0476
19.5653 0.0478
19.6909 0.0481
19.8174 0.0484
19.9449 0.0484
20.073 0.0486
20.2019 0.0489
20.3319 0.0489
20.4625 0.0492
20.5939 0.0495
20.7264 0.0495
20.8595 0.0497
20.9935 0.05
21.1283 0.0503
21.2642 0.0503
21.264 0.0506
21.4008 0.0506
21.5382 0.0509
