1.495e-2 34.589
1.494e-2 25.399
1.493e-2 20.229
1.49e-2 11.831
1.476e-2 10.22
1.532e-2 9.275
1.461e-2 7.031
1.501e-2 5.336
1.501e-2 4.535
1.458e-2 3.553
1.471e-2 2.738
1.498e-2 2.182
1.554e-2 1.768
1.51e-2 1.43
1.44e-2 1.176
1.386e-2 0.936
1.334e-2 0.758
1.359e-2 0.575
1.436e-2 0.472
1.548e-2 0.39
1.683e-2 0.337
1.831e-2 0.287
1.991e-2 0.24
2.125e-2 0.198
2.289e-2 0.163
2.467e-2 0.141
2.683e-2 0.116
2.973e-2 0.1
3.234e-2 8.831e-2
3.55e-2 7.765e-2
3.898e-2 6.827e-2
4.321e-2 6.202e-2
4.7e-2 5.632e-2
5.259e-2 5.201e-2
5.884e-2 4.802e-2
6.46e-2 4.222e-2
7.094e-2 3.898e-2
8.24e-2 3.543e-2
9.306e-2 3.168e-2
0.105 2.878e-2
0.119 2.615e-2
0.137 2.416e-2
0.153 2.267e-2
0.171 2.094e-2
0.195 1.934e-2
0.224 1.816e-2
0.256 1.705e-2
0.284 1.6e-2
0.314 1.526e-2
0.315 3.553e-2
0.282 3.847e-2
0.252 4.235e-2
0.227 4.587e-2
0.205 5.132e-2
0.183 5.558e-2
0.168 6.22e-2
0.153 7.074e-2
0.142 8.048e-2
0.137 9.464e-2
0.137 0.113
0.142 0.135
0.154 0.154
0.164 0.176
0.174 0.201
0.182 0.225
0.193 0.26
0.195 0.307
0.186 0.366
0.172 0.438
0.16 0.514
0.153 0.613
0.15 0.722
0.153 0.863
0.162 1.018
0.171 1.218
0.175 1.457
0.178 1.742
0.175 2.05
0.172 2.411
0.167 2.744
0.17 3.23
0.17 3.988
0.173 35.228
