1.78763 8.31216e-3
1.76536 8.49599e-3
1.74339 8.68389e-3
1.72165 8.97388e-3
1.70021 9.17235e-3
1.67901 9.47865e-3
1.65811 9.68828e-3
1.63741 0.01012
1.6169 0.01081
1.5967 0.01142
1.57676 0.01193
1.55708 0.01247
1.53764 0.01302
1.5366 0.02042
1.55561 0.0233
1.57452 0.03066
1.59417 0.03275
1.61408 0.0346
1.63427 0.03615
1.65471 0.03778
1.67544 0.03905
1.69642 0.04036
1.7177 0.04126
1.73926 0.04171
1.76111 0.04218
1.78323 0.04265
1.76105 0.04311
1.78323 0.04265
1.80568 0.04218
1.78325 0.04218
1.80568 0.04218
1.82842 0.04173
1.85142 0.04173
1.87476 0.04083
1.89842 0.03951
1.92256 0.03619
1.92265 0.03502
1.94689 0.03426
1.97163 0.03138
1.99689 0.02691
1.97298 0.02001
1.94954 0.01393
1.92567 0.01234
1.90201 0.01131
1.87861 0.01047
1.85543 9.90992e-3
1.83251 9.48359e-3
1.80975 9.48289e-3
1.7873 9.37869e-3
1.7873 9.37869e-3
