25.1031 0.1103
24.6965 0.1103
24.2965 0.1103
23.902 0.1093
23.5148 0.1093
23.1339 0.1093
23.1349 0.1103
22.7602 0.1103
22.3915 0.1103
22.0288 0.1103
21.672 0.1103
21.321 0.1103
20.9756 0.1103
20.635 0.1094
20.3008 0.1094
19.9719 0.1094
19.6484 0.1094
19.3302 0.1094
19.0171 0.1094
18.709 0.1094
18.406 0.1094
18.1078 0.1094
17.8146 0.1094
17.526 0.1094
17.2414 0.1085
16.9622 0.1085
16.6874 0.1085
16.4171 0.1085
16.1512 0.1085
15.8896 0.1085
15.6322 0.1085
15.379 0.1085
15.1299 0.1085
14.8848 0.1085
14.6437 0.1085
14.4064 0.1085
14.1732 0.1085
13.9442 0.1094
13.7183 0.1094
13.4961 0.1095
13.2775 0.1095
13.0625 0.1095
12.8509 0.1095
12.6427 0.1095
12.4379 0.1095
12.4384 0.1104
12.237 0.1104
12.0388 0.1104
11.8443 0.1114
11.6524 0.1114
11.4637 0.1114
11.278 0.1114
11.0948 0.1104
10.9146 0.1095
10.7379 0.1095
10.564 0.1095
10.3929 0.1095
10.2245 0.1095
10.0589 0.1095
9.896 0.1095
9.7357 0.1095
9.5779 0.1095
9.4228 0.1095
9.2702 0.1095
9.1201 0.1095
8.9723 0.1095
8.827 0.1095
8.684 0.1095
8.5436 0.1105
8.4053 0.1105
8.2688 0.1096
8.1349 0.1096
8.0031 0.1096
8.0028 0.1086
7.8732 0.1086
7.7457 0.1086
7.6202 0.1086
7.4968 0.1086
7.3753 0.1086
7.2559 0.1086
7.1384 0.1086
7.023 0.1096
6.9093 0.1096
6.7973 0.1096
6.6872 0.1096
6.5789 0.1096
6.4724 0.1096
6.3673 0.1087
6.2641 0.1087
6.1627 0.1087
6.0631 0.1096
5.9649 0.1096
5.8679 0.1087
5.773 0.1087
5.6795 0.1087
5.6792 0.1077
5.5873 0.1078
5.4969 0.1087
5.4079 0.1087
5.3203 0.1087
5.234 0.1078
5.1492 0.1078
5.0658 0.1078
4.9837 0.1078
4.9032 0.1087
4.8237 0.1087
4.7456 0.1087
4.6688 0.1087
4.5931 0.1087
4.5187 0.1087
4.4456 0.1087
4.3734 0.1078
4.3024 0.1069
4.2325 0.106
4.1639 0.106
4.0965 0.106
4.0963 0.1051
4.0298 0.1041
3.9645 0.1042
3.9003 0.1042
3.8371 0.1042
3.775 0.1042
3.7138 0.1042
3.6538 0.1051
3.5948 0.106
3.5366 0.106
3.5364 0.1051
3.5945 0.1042
3.5947 0.1051
3.654 0.106
3.5949 0.1069
3.5367 0.1069
3.4796 0.1078
3.4797 0.1088
3.4799 0.1097
3.4236 0.1107
3.4238 0.1117
3.4239 0.1126
3.4241 0.1136
3.4242 0.1146
3.4243 0.1156
3.4245 0.1166
3.4245 0.1176
3.4248 0.1186
3.4813 0.1197
3.4814 0.1207
3.4816 0.1217
3.4817 0.1228
3.4819 0.1239
3.482 0.1249
3.4257 0.126
3.4259 0.1271
3.3704 0.1271
3.3705 0.1282
3.3707 0.1294
3.3708 0.1305
3.3709 0.1316
3.3711 0.1328
3.3712 0.1339
3.3714 0.1351
3.3715 0.1363
3.317 0.1374
3.3172 0.1386
3.2636 0.1398
3.2637 0.1411
3.2638 0.1423
3.264 0.1435
3.2641 0.1448
3.2642 0.146
3.2644 0.1473
3.2645 0.1486
3.2646 0.1499
3.2648 0.1512
3.2649 0.1525
3.265 0.1538
3.2652 0.1552
3.2652 0.1565
3.2654 0.1579
3.2656 0.1592
3.2657 0.1606
3.2658 0.162
3.266 0.1634
3.2661 0.1648
3.2662 0.1663
3.2664 0.1677
3.2665 0.1692
3.3204 0.1706
3.3205 0.1721
3.3207 0.1736
3.3208 0.1751
3.321 0.1767
3.3211 0.1782
3.3758 0.1782
3.3759 0.1797
3.376 0.1813
3.3761 0.1829
3.3763 0.1844
3.3765 0.1861
3.3766 0.1877
3.4323 0.1893
3.4325 0.191
3.4325 0.1926
3.4328 0.1943
3.4329 0.196
3.4896 0.1977
3.4897 0.1994
3.4898 0.2011
3.49 0.2029
3.4901 0.2046
3.5476 0.2064
3.5479 0.2082
3.548 0.21
3.6066 0.2118
3.6067 0.2137
3.6069 0.2155
3.607 0.2174
3.6072 0.2193
3.6667 0.2212
3.6669 0.2231
3.7274 0.2251
3.7889 0.227
3.8513 0.227
3.9146 0.227
3.9792 0.227
3.9792 0.229
3.9795 0.231
4.0452 0.233
4.1116 0.2309
4.1114 0.229
4.179 0.227
4.2478 0.227
4.3176 0.227
4.3886 0.225
4.4607 0.2231
4.5339 0.2211
4.6084 0.2192
4.6841 0.2173
4.7612 0.2173
4.8396 0.2173
4.9191 0.2154
5.0001 0.2154
5.0826 0.2173
5.1663 0.2173
5.2513 0.2173
5.2511 0.2154
5.3378 0.2173
5.4257 0.2173
5.4259 0.2191
5.5152 0.2191
5.6063 0.221
5.6985 0.221
5.7924 0.221
5.8878 0.221
5.9847 0.221
6.0832 0.221
6.1834 0.221
6.2852 0.221
6.3887 0.221
6.4939 0.221
6.6005 0.2191
6.7092 0.2191
6.8195 0.219
6.9319 0.219
7.046 0.219
7.1621 0.219
7.28 0.219
7.3998 0.219
7.5217 0.219
7.6455 0.219
7.7713 0.219
7.8993 0.219
8.0294 0.219
8.1616 0.219
8.296 0.219
8.4325 0.219
8.5714 0.219
8.7125 0.2189
8.8559 0.2189
9.0018 0.2189
9.15 0.2189
9.3006 0.2189
9.4538 0.2189
9.6094 0.2189
9.7675 0.2189
9.928 0.217
10.0915 0.217
10.2576 0.217
10.4264 0.217
10.4269 0.2189
10.599 0.2208
10.7736 0.2208
10.9508 0.2208
11.1312 0.2207
11.3145 0.2207
11.5008 0.2207
11.6901 0.2207
11.8826 0.2207
12.0782 0.2207
12.2766 0.2187
12.4787 0.2187
12.6842 0.2187
12.893 0.2187
13.1053 0.2187
13.3211 0.2187
13.5404 0.2187
13.7633 0.2187
13.9899 0.2187
14.2197 0.2169
14.4538 0.2169
14.6918 0.2168
14.9337 0.2168
15.1801 0.2187
15.4307 0.2206
15.6848 0.2206
15.943 0.2206
16.2055 0.2206
16.4723 0.2206
16.7435 0.2206
17.0185 0.2187
17.2987 0.2187
17.5835 0.2187
17.873 0.2187
18.1673 0.2186
18.4664 0.2186
18.7704 0.2186
19.0795 0.2186
19.3936 0.2186
19.7128 0.2186
20.0374 0.2186
20.3673 0.2186
20.7035 0.2205
21.0444 0.2205
21.39 0.2186
21.7422 0.2186
22.0992 0.2167
22.4631 0.2167
22.8329 0.2167
23.2089 0.2167
23.5918 0.2185
23.9804 0.2185
24.3752 0.2185
24.7755 0.2166