2.4666 0.0847
2.4667 0.0854
2.4267 0.0854
2.3874 0.0854
2.3488 0.0862
2.3489 0.0869
2.349 0.0877
2.3491 0.0884
2.3112 0.0892
2.3113 0.09
2.3114 0.0908
2.3115 0.0916
2.3115 0.0924
2.3115 0.0932
2.3117 0.094
2.2744 0.0948
2.2745 0.0956
2.2746 0.0964
2.2747 0.0973
2.2748 0.0981
2.2749 0.099
2.2749 0.0998
2.275 0.1007
2.2751 0.1016
2.2752 0.1025
2.2385 0.1034
2.2386 0.1043
2.2386 0.1052
2.2387 0.1061
2.2388 0.107
2.2389 0.1078
2.2389 0.1089
2.2391 0.1098
2.2392 0.1108
2.2393 0.1117
2.2394 0.1127
2.2395 0.1137
2.2396 0.1147
2.2397 0.1157
2.2397 0.1167
2.2398 0.1177
2.2399 0.1187
2.24 0.1198
2.2401 0.1208
2.2402 0.1218
2.2403 0.1229
2.2404 0.124
2.2405 0.1251
2.2406 0.1261
2.2407 0.1272
2.2408 0.1283
2.2408 0.1295
2.2409 0.1306
2.241 0.1317
2.2411 0.1329
2.2412 0.134
2.2413 0.1352
2.2414 0.1364
2.2415 0.1375
2.2416 0.1387
2.2417 0.1399
2.2418 0.1412
2.2419 0.1424
2.2419 0.1436
2.242 0.1449
2.2421 0.1461
2.2422 0.1474
2.2423 0.1487
2.2424 0.15
2.2425 0.1513
2.2426 0.1526
2.2427 0.1539
2.2428 0.1553
2.2429 0.1566
2.2429 0.158
2.2429 0.1593
2.2431 0.1607
2.2432 0.1621
2.2433 0.1635
2.2434 0.165
2.2435 0.1663
2.2436 0.1678
2.2437 0.1693
2.2438 0.1708
2.2439 0.1723
2.244 0.1738
2.2441 0.1753
2.2441 0.1768
2.2442 0.1783
2.2443 0.1799
2.2444 0.1814
2.2445 0.183
2.2446 0.1846
2.2447 0.1862
2.2448 0.1878
2.2449 0.1895
2.245 0.1911
2.2451 0.1928
2.2452 0.1945
2.2453 0.1961
2.2453 0.1978
2.2824 0.1996
2.2825 0.2013
2.2826 0.203
2.2827 0.2048
2.2828 0.2066
2.2829 0.2084
2.283 0.2102
2.2831 0.212
2.2832 0.2139
2.2832 0.2157
2.2833 0.2176
2.2833 0.2195
2.2835 0.2214
2.2836 0.2233
2.2837 0.2253
2.3214 0.2272
2.3215 0.2292
2.3216 0.2312
2.3216 0.2332
2.3218 0.2352
2.3219 0.2373
2.322 0.2393
2.3221 0.2414
2.3604 0.2435
2.3994 0.2456
2.439 0.2477
2.4391 0.2499
2.439 0.2477
2.479 0.2456
2.4389 0.2456
2.4388 0.2435
2.4386 0.2414
2.4787 0.2393
2.4786 0.2372
2.4785 0.2352
2.4784 0.2332
2.5191 0.2312
2.519 0.2292
2.5189 0.2272
2.5188 0.2252
2.5602 0.2233
2.5601 0.2214
2.56 0.2195
2.5598 0.2176
2.5598 0.2157
2.5596 0.2138
2.6017 0.212
2.6016 0.2101
2.6015 0.2083
2.6014 0.2065
2.6013 0.2048
2.6012 0.203
2.644 0.203
2.6439 0.2012
2.6438 0.1995
2.6437 0.1978
2.6872 0.1978
2.6871 0.1961
2.687 0.1944
2.6867 0.1927
2.6867 0.1911
2.6865 0.1894
2.6865 0.1878
2.6864 0.1862
2.6863 0.1844
2.6862 0.183
2.7303 0.1814
2.7302 0.1798
2.7301 0.1783
2.775 0.1783
2.7749 0.1767
2.8205 0.1752
2.7747 0.1737
2.7746 0.1722
2.7745 0.1707
2.8199 0.1692
2.8199 0.1678
2.8197 0.1663
2.8197 0.1649
2.8195 0.1635
2.8659 0.1621
2.8658 0.1607
2.8656 0.1593
2.8655 0.1579
2.8654 0.1565
2.8653 0.1552
2.8652 0.1539
2.865 0.1525
2.8649 0.1512
2.8648 0.1499
2.8647 0.1486
2.8646 0.1473
2.8645 0.1461
2.8643 0.1448
2.8641 0.1436
2.8176 0.1423
2.772 0.1411
2.7718 0.1399
2.7717 0.1387
2.7715 0.1375
2.7715 0.1363
2.7713 0.1351
2.7713 0.134
2.7711 0.1328
2.7711 0.1317
2.8166 0.1305
2.8164 0.1294
2.8163 0.1283
2.7706 0.1272
2.7705 0.1261
2.7256 0.1261
2.7255 0.125
2.7254 0.1239
2.7252 0.1229
2.7252 0.1218
2.725 0.1208
2.7248 0.1197
2.7248 0.1187
2.7247 0.1177
2.7246 0.1166
2.7245 0.1156
2.6803 0.1146
2.6801 0.1137
2.68 0.1127
2.6799 0.1117
2.6798 0.1107
2.6797 0.1098
2.6796 0.1088
2.6795 0.1078
2.636 0.107
2.6359 0.1061
2.6358 0.1051
2.6357 0.1042
2.6355 0.1033
2.6354 0.1024
2.6353 0.1016
2.6352 0.1007
2.5924 0.0998
2.5923 0.099
2.5922 0.0981
2.592 0.0973
2.592 0.0964
2.6346 0.0956
2.678 0.0956
2.6778 0.0948
2.7219 0.0948
