102.1427 0.0886
100.4882 0.0886
98.8646 0.0894
97.2631 0.0894
95.6917 0.0901
94.1417 0.0901
92.6169 0.0901
92.6207 0.0909
91.1204 0.0909
89.6444 0.0909
88.1925 0.0909
86.7639 0.0909
86.7675 0.0917
85.362 0.0917
83.976 0.0909
82.6158 0.0909
81.2776 0.091
79.9611 0.091
78.6627 0.0902
77.3885 0.0902
76.135 0.0902
74.8987 0.0894
73.6856 0.0894
72.495 0.0902
71.3207 0.0902
70.1655 0.0902
69.0262 0.0894
67.9081 0.0894
66.8109 0.0902
65.7287 0.0902
64.6614 0.0894
63.6167 0.0902
62.5862 0.0902
61.5725 0.0902
60.5752 0.0902
59.5939 0.0902
58.6287 0.0902
57.6791 0.0902
56.7425 0.0895
55.8234 0.0895
54.9192 0.0895
54.0296 0.0895
53.1522 0.0887
52.2913 0.0887
51.4443 0.0887
50.6111 0.0887
49.7913 0.0887
48.9848 0.0887
48.1933 0.0895
47.4127 0.0895
46.6447 0.0895
45.8892 0.0895
45.1459 0.0895
44.4165 0.0903
43.697 0.0903
42.9891 0.0903
42.2929 0.0903
41.6078 0.0903
40.9339 0.0903
40.2709 0.0903
39.6186 0.0903
38.9752 0.0895
38.3439 0.0895
37.7229 0.0895
37.7244 0.0903
37.1149 0.0911
36.5137 0.0911
35.9223 0.0911
35.3404 0.0911
34.768 0.0911
34.2048 0.0911
33.6508 0.0911
33.1057 0.0911
32.5682 0.0903
32.0393 0.0895
31.5204 0.0896
31.0098 0.0896
30.5074 0.0896
30.0134 0.0896
29.5272 0.0896
29.049 0.0896
29.0502 0.0903
28.5796 0.0903
28.1155 0.0896
27.6601 0.0896
27.2121 0.0896
26.7713 0.0896
26.3377 0.0896
25.9111 0.0896
25.4914 0.0896
25.0785 0.0896
24.6723 0.0896
24.2726 0.0896
23.8795 0.0896
23.4927 0.0896
23.1122 0.0896
22.7378 0.0896
22.3695 0.0896
22.0072 0.0896
21.6516 0.0904
21.3009 0.0904
20.9559 0.0904
20.6156 0.0896
20.2817 0.0896
19.9532 0.0896
19.63 0.0896
19.312 0.0896
18.9992 0.0896
18.6915 0.0896
18.3887 0.0896
18.0908 0.0896
17.7978 0.0896
17.5095 0.0896
17.2259 0.0897
16.9468 0.0897
16.6731 0.0904
16.403 0.0904
16.1373 0.0904
15.8759 0.0904
15.6188 0.0904
15.3658 0.0905
15.1169 0.0905
14.8721 0.0905
14.6312 0.0905
14.3942 0.0905
14.161 0.0905
13.9316 0.0905
13.7054 0.0897
13.4834 0.0897
13.265 0.0897
13.0502 0.0897
12.8388 0.0897
12.6308 0.0897
12.4262 0.0897
12.225 0.0897
12.0269 0.0897
11.8321 0.0897
11.6404 0.0897
11.4519 0.0897
11.266 0.089
11.0835 0.089
10.904 0.089
10.7274 0.089
10.5535 0.089
10.3827 0.089
10.2149 0.0897
10.0493 0.0897
9.8867 0.0897
9.8871 0.0905
9.7269 0.0905
9.5694 0.0905
9.414 0.0898
9.2615 0.0898
9.1115 0.0898
8.9639 0.0898
8.8187 0.0898
8.6759 0.0898
8.5352 0.0898
8.3971 0.0898
8.261 0.0898
8.1273 0.0898
7.9956 0.0898
7.866 0.0898
7.7387 0.0898
7.6133 0.0898
7.49 0.0898
7.3687 0.0898
7.2494 0.0898
7.1319 0.0898
7.0164 0.0898
6.9028 0.0898
6.791 0.0898
6.681 0.0898
6.5727 0.0898
6.4663 0.0898
6.3615 0.0898
6.2585 0.0898
6.1571 0.0898
6.0574 0.0898
5.9593 0.0898
5.8628 0.0898
5.7678 0.0898
5.6743 0.0898
5.6741 0.0891
5.6739 0.0883
5.5819 0.0883
5.4916 0.0883
5.4029 0.0891
5.3153 0.0891
5.2295 0.0899
5.1448 0.0899
5.0612 0.0891
4.9792 0.0891
4.8986 0.0891
4.8192 0.0891
4.7412 0.0891
4.6644 0.0891
4.5888 0.0891
4.5145 0.0891
4.4414 0.0891
4.3693 0.0883
4.2985 0.0883
4.2288 0.0883
4.1602 0.0876
4.0928 0.0876
4.0265 0.0876
3.9613 0.0876
3.897 0.0868
3.8338 0.0868
3.7717 0.0868
3.7107 0.0869
3.6505 0.0869
3.5913 0.0861
3.5914 0.0869
3.5916 0.0876
3.5917 0.0884
3.5918 0.0891
3.592 0.0899
3.534 0.0907
3.5341 0.0915
3.5343 0.0923
3.4772 0.0931
3.4773 0.0939
3.421 0.0939
3.4211 0.0947
3.4213 0.0955
3.4214 0.0964
3.4215 0.0972
3.4217 0.0981
3.4218 0.0989
3.3664 0.0989
3.3665 0.0998
3.3667 0.1006
3.3668 0.1015
3.3124 0.1024
3.3125 0.1033
3.3127 0.1042
3.3128 0.1051
3.3129 0.106
3.2594 0.1069
3.2596 0.1078
3.2597 0.1088
3.207 0.1097
3.2071 0.1107
3.1552 0.1107
3.1553 0.1117
3.1043 0.1126
3.1045 0.1136
3.0542 0.1136
3.0543 0.1146
3.0048 0.1146
3.005 0.1156
2.9564 0.1166
2.9563 0.1156
3.0048 0.1146
3.0047 0.1136
3.0541 0.1126
3.0047 0.1136
2.9562 0.1146
2.9563 0.1156
2.9083 0.1156
2.9083 0.1146
2.9082 0.1136
2.908 0.1127
2.9079 0.1117
2.8608 0.1117
2.8144 0.1107
2.8143 0.1098
2.8141 0.1088
2.814 0.1078
2.8138 0.107
2.8138 0.106
2.8136 0.1051
2.8136 0.1042
2.8135 0.1033
2.8133 0.1024
2.8132 0.1015
2.7675 0.1007
2.7673 0.0998
2.7673 0.0989
2.7671 0.0981
2.7671 0.0973
2.767 0.0964
2.7669 0.0956
2.7667 0.0948
2.7666 0.0939
2.7665 0.0931
2.7216 0.0923
2.7215 0.0915
2.7214 0.0907
2.7213 0.09
2.7212 0.0892
2.721 0.0884
2.7208 0.0877
2.7208 0.0869
2.6766 0.0869
2.6333 0.0862
2.6332 0.0854
2.6764 0.0847
2.6763 0.0839
2.6762 0.0832
2.6761 0.0825
2.676 0.0818
2.6324 0.0811
2.6324 0.0804
2.6322 0.0796
2.5896 0.079
2.5895 0.0783
2.5894 0.0777
2.5893 0.077
2.5472 0.0763
2.5471 0.0757
2.547 0.075
2.5469 0.0744
2.5055 0.0737
2.5053 0.0731
2.5053 0.0725
2.5051 0.0718
2.4647 0.0718
2.4245 0.0712
2.3854 0.0712
2.3467 0.0712
2.3087 0.0712
2.2713 0.0712
2.3087 0.0712
2.3468 0.0719
2.3088 0.0719
2.2713 0.0719
2.3088 0.0719
2.3468 0.0719
2.3855 0.0719
2.3469 0.0725
2.3089 0.0725
2.309 0.0731
2.2717 0.0737
2.2718 0.0744
2.2719 0.075
2.272 0.0757
2.3094 0.0763
2.3096 0.077
2.2722 0.0777
2.2723 0.0784
2.2724 0.079
2.2725 0.0796
2.2726 0.0804
2.2727 0.0811
2.2728 0.0818
2.2729 0.0825
2.2362 0.0833
2.2363 0.084
2.2364 0.0847
2.2364 0.0854
2.2003 0.0862
2.2004 0.0869
2.2005 0.0877
2.2006 0.0885
2.2006 0.0892
2.2008 0.09
2.2009 0.0908
2.2009 0.0916
2.201 0.0924
2.1655 0.0932
2.1656 0.094
2.1306 0.0948
2.1307 0.0956
2.1307 0.0965
2.1659 0.0973
2.166 0.0981
2.1661 0.099
2.1662 0.0999
2.1663 0.1007
2.1663 0.1016
2.1663 0.1025
2.1665 0.1034
2.1315 0.1043
2.1316 0.1052
2.1317 0.1061
2.1318 0.107
2.1319 0.1078
2.132 0.1089
2.132 0.1098
2.132 0.1108
2.1322 0.1118
2.1323 0.1127
2.1324 0.1137
2.1325 0.1147
2.1326 0.1157
2.1327 0.1167
2.1328 0.1177
2.0983 0.1187
2.0984 0.1198
2.0985 0.1208
2.0985 0.1219
2.0986 0.1229
2.0987 0.124
2.0988 0.1251
2.0989 0.1262
2.099 0.1273
2.0991 0.1284
2.0991 0.1295
2.0992 0.1306
2.0993 0.1317
2.0994 0.1329
2.0995 0.134
2.0996 0.1352
2.0997 0.1364
2.1343 0.1376
2.1344 0.1388
2.1345 0.14
2.1346 0.1412
2.1347 0.1424
2.1348 0.1436
2.1348 0.1449
2.1349 0.1461
2.135 0.1474
2.1351 0.1487
2.1352 0.15
2.1353 0.1513
2.1354 0.1526
2.1355 0.1539
2.1355 0.1553
2.1356 0.1566
2.1357 0.158
2.171 0.1594
2.1711 0.1607
2.136 0.1621
2.136 0.1636
2.1362 0.165
2.1714 0.1663
2.1715 0.1679
2.1716 0.1693
2.1365 0.1708
2.1366 0.1723
2.1719 0.1738
2.1719 0.1753
2.172 0.1768
2.1721 0.1783
2.1722 0.1799
2.1723 0.1815
2.2081 0.1814
2.2082 0.183
2.2083 0.1846
2.2083 0.1862
2.2084 0.1878
2.2085 0.1895
2.2086 0.1911
2.2086 0.1928
2.2088 0.1945
2.2089 0.1961
2.209 0.1979
2.2454 0.1996
2.2455 0.2013
2.2456 0.2031
2.2457 0.2048
2.2458 0.2066
2.2459 0.2084
2.2829 0.2084
2.283 0.2102
2.2831 0.212
2.2832 0.2139
2.2832 0.2157
2.2833 0.2176
2.2833 0.2195
2.2835 0.2214
2.2836 0.2233
2.2837 0.2253
2.2838 0.2272
2.3215 0.2292
2.3216 0.2312
2.3216 0.2332
2.3218 0.2352
2.3219 0.2373
2.322 0.2393
2.3603 0.2414
2.3604 0.2435
2.3605 0.2456
2.3606 0.2478
2.3607 0.2499
2.3997 0.2521
2.3998 0.2543
2.4393 0.2543
2.4394 0.2565
2.4796 0.2587
2.4797 0.2609
2.4798 0.2631
2.4799 0.2655
2.4398 0.2655
2.4397 0.2631
2.4396 0.261
2.4397 0.2631
2.4001 0.2631
2.4396 0.261
2.4797 0.2609
2.4796 0.2587
2.5205 0.2587
2.5206 0.2609
2.5207 0.2631
2.5206 0.2609
2.5205 0.2587
2.5204 0.2565
2.5202 0.2542
2.5201 0.2521
2.5615 0.2499
2.5614 0.2477
2.5613 0.2456
2.5612 0.2435
2.6033 0.2414
2.6032 0.2393
2.6031 0.2372
2.603 0.2352
2.6457 0.2331
2.6456 0.2311
2.6455 0.2291
2.6454 0.2272
2.6453 0.2252
2.6886 0.2233
2.6886 0.2213
2.6885 0.2194
2.6884 0.2175
2.6883 0.2157
2.6882 0.2138
2.7323 0.212
2.7322 0.2101
2.7771 0.2083
2.777 0.2065
2.8227 0.2065
2.8226 0.2046
2.8224 0.203
2.8688 0.2012
2.8687 0.1995
2.8686 0.1978
2.8683 0.1961
2.8218 0.1944
2.8218 0.1927
2.8216 0.191
2.8215 0.1894
2.8214 0.1878
2.8677 0.1861
2.8676 0.1844
2.9148 0.1844
2.9146 0.1829
2.9146 0.1814
2.9144 0.1798
2.9625 0.1798
3.0111 0.1782
3.0607 0.1782
3.1111 0.1782
3.111 0.1767
3.1622 0.1767
3.1111 0.1782
3.0608 0.1798
3.1112 0.1798
3.1623 0.1782
3.2145 0.1798
3.2146 0.1813
3.1623 0.1798
3.1113 0.1813
3.1626 0.1813
3.1627 0.1829
3.1628 0.1844
3.163 0.1861
3.1631 0.1877
3.1632 0.1893
3.1633 0.191
3.2156 0.1926
3.2157 0.1943
3.2158 0.196
3.216 0.1977
3.269 0.1994
3.2692 0.2012
3.2692 0.2029
3.3231 0.2029
3.3233 0.2046
3.3234 0.2064
3.3235 0.2082
3.3237 0.2101
3.3237 0.2119
3.3239 0.2137
3.3787 0.2137
3.4344 0.2156
3.4346 0.2174
3.4346 0.2193
3.4349 0.2212
3.435 0.2232
3.4351 0.2251
3.4918 0.2271
3.492 0.229
3.4921 0.231
3.4923 0.233
3.5499 0.2349
3.6085 0.2371
3.6681 0.2391
3.6682 0.2412
3.7288 0.2433
3.7288 0.2454
3.7903 0.2454
3.8529 0.2475
3.853 0.2497
3.9165 0.2497
3.9808 0.2475
4.0463 0.2475
4.113 0.2475
4.1804 0.2454
4.2492 0.2432
4.2493 0.2454
4.3191 0.2432
4.3902 0.2432
4.39 0.2411
4.4623 0.2411
4.5356 0.2389
4.6101 0.237
4.686 0.237
4.763 0.2349
4.8412 0.2328
4.9209 0.2328
5.0019 0.2328
5.0845 0.2349
5.1682 0.2349
5.2535 0.2368
5.3402 0.2389
5.4281 0.2389
5.5175 0.2389
5.6082 0.2389
5.7006 0.2389
5.7945 0.2389
5.8899 0.2389
5.9868 0.2389
6.0855 0.2389
6.1857 0.2389
6.2878 0.241
6.3913 0.241
6.4965 0.241
6.6035 0.2409
6.7122 0.2409
6.8224 0.2389
6.9348 0.2388
7.0486 0.2368
7.165 0.2388
7.283 0.2388
7.4029 0.2388
7.5247 0.2388
7.649 0.2409
7.7749 0.2409
7.9029 0.2409
8.0327 0.2388
8.1649 0.2388
8.2993 0.2388
8.436 0.2388
8.5749 0.2388
8.7161 0.2387
8.8596 0.2387
9.0055 0.2387
9.1537 0.2387
9.3044 0.2387
9.4576 0.2387
9.6129 0.2366
9.7711 0.2366
9.9321 0.2366
10.0956 0.2366
10.2618 0.2366
10.4312 0.2387
10.603 0.2387
10.7774 0.2386
10.955 0.2386
11.1353 0.2386
11.3187 0.2386
11.505 0.2386
11.6944 0.2386
11.887 0.2386
12.0827 0.2386
12.2816 0.2386
12.4838 0.2386
12.6894 0.2386
12.8982 0.2386
13.1107 0.2386
13.3265 0.2386
13.5459 0.2385
13.769 0.2385
13.9957 0.2385
14.2255 0.2365
14.4597 0.2365
14.6978 0.2365
14.9398 0.2364
15.1857 0.2364
15.4358 0.2364
15.6899 0.2364
15.9482 0.2364
16.2107 0.2364
16.4777 0.2364
16.749 0.2364
17.0248 0.2364
17.3058 0.2384
17.5907 0.2384
17.8803 0.2384
18.1747 0.2384
18.4739 0.2384
18.7781 0.2384
19.0873 0.2384
19.4015 0.2384
19.7201 0.2363
20.0448 0.2363
20.3749 0.2363
20.7103 0.2363
21.0513 0.2363
21.3979 0.2363
21.7502 0.2363
22.1083 0.2363
22.4723 0.2363
22.8423 0.2363
23.2193 0.2383
23.6016 0.2383
23.9902 0.2383
24.3852 0.2383
24.7867 0.2383
25.1947 0.2383
25.6096 0.2383
26.0312 0.2383
26.0323 0.2403
26.4609 0.2403
26.8965 0.2403
27.3394 0.2403
27.7894 0.2403
28.2469 0.2403
28.7121 0.2403
29.1848 0.2403
29.6653 0.2403
30.1525 0.2382
30.649 0.2382
31.1536 0.2382
31.6665 0.2382
32.1879 0.2382
32.7178 0.2382
33.2565 0.2381
33.8026 0.2361
34.3592 0.2361
34.9235 0.234
35.4984 0.234
36.0829 0.234
36.6785 0.236
37.2824 0.236
37.8961 0.236
38.5217 0.2381
39.1559 0.2381
39.8006 0.2381
40.4559 0.2381
41.1219 0.238
41.799 0.238
42.4855 0.236
43.185 0.236
43.896 0.236
44.6187 0.236
45.3552 0.238
46.1019 0.238
46.861 0.238
47.6324 0.238
48.4167 0.238
49.2139 0.238
50.0241 0.238
50.0262 0.24
50.8498 0.24
51.687 0.24
52.538 0.24
53.403 0.24
54.2801 0.2379
55.1715 0.2359
56.0799 0.2359
57.0055 0.2379
57.9441 0.2379
57.9464 0.24
58.9005 0.24
59.8702 0.2399
60.8559 0.2399
61.8578 0.2399
62.8763 0.2399
63.909 0.2379
64.9612 0.2378
66.0307 0.2378
67.1151 0.2358
68.2201 0.2358
69.3462 0.2378
70.4879 0.2378
71.6484 0.2378
72.8281 0.2378
74.0271 0.2378
75.2459 0.2378
76.4817 0.2357
77.7409 0.2357
79.0209 0.2357
80.3219 0.2357
81.6442 0.2357
82.9885 0.2357
84.3549 0.2357
85.7437 0.2357
87.1554 0.2357
88.5904 0.2357
90.049 0.2356
91.5316 0.2356
93.0386 0.2356
94.5704 0.2356
96.1274 0.2356
97.7101 0.2356
99.3229 0.2377
100.9582 0.2376
