24.6208 0.0576
24.222 0.0576
23.8296 0.0576
23.4437 0.0576
23.064 0.0576
22.6904 0.0576
22.3229 0.0576
21.9613 0.0576
21.6056 0.0576
21.2556 0.0576
20.9113 0.0576
20.5726 0.0576
20.2394 0.0576
19.9115 0.0576
19.589 0.0576
19.2717 0.0576
18.9596 0.0576
18.6524 0.0576
18.3496 0.0572
18.0524 0.0572
17.76 0.0572
17.4723 0.0572
17.1893 0.0572
16.9116 0.0577
16.6376 0.0577
16.3681 0.0577
16.103 0.0577
15.8422 0.0577
15.5856 0.0577
15.3331 0.0577
15.0848 0.0577
14.8404 0.0577
14.6 0.0577
14.3636 0.0577
14.1309 0.0577
13.902 0.0577
13.6768 0.0577
13.4553 0.0577
13.2374 0.0577
13.023 0.0577
12.812 0.0577
12.6045 0.0577
12.4003 0.0577
12.1995 0.0577
12.0019 0.0577
11.8075 0.0577
11.6162 0.0577
11.4281 0.0577
11.2429 0.0577
11.0608 0.0577
10.8817 0.0577
10.7054 0.0577
10.532 0.0577
10.3614 0.0577
10.1936 0.0577
10.0285 0.0577
9.866 0.0577
9.7062 0.0577
9.549 0.0577
9.3944 0.0577
9.2422 0.0577
9.0925 0.0577
8.9452 0.0577
8.8003 0.0577
8.6578 0.0577
8.5175 0.0577
8.3796 0.0577
8.2438 0.0577
8.1103 0.0577
7.9788 0.0577
7.8497 0.0577
7.7226 0.0577
7.5975 0.0577
7.4744 0.0577
7.353 0.0572
7.2339 0.0573
7.1168 0.0573
7.0015 0.0573
6.8881 0.0573
6.7765 0.0573
6.6667 0.0573
6.5588 0.0573
6.4527 0.0578
6.3483 0.0578
6.2454 0.0578
6.1443 0.0578
6.0448 0.0578
5.9468 0.0578
5.8502 0.0573
5.7555 0.0573
5.6623 0.0573
5.5706 0.0573
5.4804 0.0573
5.3916 0.0573
5.3043 0.0573
5.2183 0.0573
5.1338 0.0573
5.0507 0.0573
4.9687 0.0573
4.8883 0.0573
4.8092 0.0573
4.7313 0.0573
4.6547 0.0573
4.5791 0.0568
4.5049 0.0568
4.4319 0.0568
4.3601 0.0568
4.3599 0.0563
4.2893 0.0563
4.2197 0.0558
4.1513 0.0558
4.0841 0.0558
4.018 0.0558
3.9529 0.0558
3.8888 0.0558
3.8258 0.0559
3.7639 0.0559
3.7029 0.0559
3.7027 0.0554
3.6428 0.0554
3.6425 0.0549
3.6428 0.0554
3.6429 0.0559
3.584 0.0563
3.5842 0.0568
3.5844 0.0573
3.5265 0.0578
3.5266 0.0583
3.4696 0.0588
3.4134 0.0588
3.3583 0.0594
3.3584 0.0599
3.3585 0.0604
3.3587 0.0609
3.3044 0.0614
3.3046 0.062
3.3047 0.0625
3.2513 0.0631
3.2514 0.0636
3.1988 0.0636
3.1989 0.0642
3.199 0.0647
3.1473 0.0653
3.1475 0.0659
3.0965 0.0659
3.0463 0.0659
2.9969 0.0653
2.9483 0.0653
2.9484 0.0659
2.9485 0.0664
2.9007 0.0659
2.8536 0.0653
2.9003 0.0647
2.8535 0.0647
2.8071 0.0642
2.8532 0.0636
2.807 0.0636
2.8531 0.0631
2.853 0.0625
2.8067 0.062
2.8066 0.0615
2.761 0.0609
2.7609 0.0604
2.7608 0.0599
2.7606 0.0594
2.7605 0.0589
2.7604 0.0584
2.7603 0.0579
2.7602 0.0574
2.7154 0.0569
2.7153 0.0564
2.7151 0.0559
2.7149 0.0554
2.6709 0.0549
2.6707 0.0545
2.6707 0.054
2.6705 0.0535
2.6274 0.0535
2.5848 0.0535
2.5847 0.0531
2.6271 0.0526
2.627 0.0522
2.5844 0.0517
2.5843 0.0513
2.5842 0.0508
2.5422 0.0504
2.5421 0.0499
2.5009 0.0499
2.4603 0.0495
2.4602 0.0491
2.4203 0.0487
2.381 0.0483
2.3809 0.0478
2.3423 0.0478
2.3422 0.0474
2.3042 0.047
2.267 0.0474
2.3043 0.0474
2.267 0.0478
2.2671 0.0483
2.2671 0.0487
2.2673 0.0491
2.2674 0.0495
2.2675 0.05
2.2308 0.05
2.2307 0.0495
2.1945 0.0495
2.1945 0.05
2.1947 0.0504
2.231 0.0508
2.2311 0.0513
2.2311 0.0517
2.2312 0.0522
2.2313 0.0526
2.1953 0.0531
2.1954 0.0535
2.1955 0.054
2.1955 0.0545
2.1956 0.0549
2.1602 0.0554
2.1602 0.0559
2.1602 0.0564
2.1604 0.0569
2.1605 0.0574
2.1606 0.0579
2.1607 0.0584
2.1258 0.0589
2.1259 0.0594
2.126 0.0599
2.126 0.0604
2.1261 0.061
2.0918 0.0615
2.0919 0.062
2.0919 0.0626
2.092 0.0631
2.0921 0.0637
2.0922 0.0642
2.0923 0.0648
2.0924 0.0653
2.0586 0.0659
2.0587 0.0665
2.0587 0.0671
2.0588 0.0676
2.0589 0.0682
2.059 0.0688
2.0591 0.0694
2.0592 0.07
2.0259 0.0706
1.9931 0.0713
1.9931 0.0719
1.9609 0.0725
1.9293 0.0731
1.9294 0.0738
1.9293 0.0731
1.898 0.0725
1.8979 0.0719
1.8671 0.0713
1.8368 0.0707
1.8367 0.07
1.8069 0.0694
1.8068 0.0688
1.8068 0.0683
1.7774 0.0677
1.7772 0.0671
1.7772 0.0665
1.8065 0.0659
1.8064 0.0654
1.8063 0.0648
1.8062 0.0642
1.8062 0.0637
1.8061 0.0631
1.806 0.0626
1.8058 0.0621
1.7766 0.0615
1.7765 0.061
1.7765 0.0605
1.7764 0.0599
1.7763 0.0594
1.7763 0.0589
1.7473 0.0584
1.7473 0.0579
1.7473 0.0574
1.7471 0.0569
1.7471 0.0564
1.7471 0.0559
1.7469 0.0555
1.7469 0.055
1.7185 0.0545
1.7185 0.054
1.7184 0.0536
1.7183 0.0531
1.6904 0.0526
1.6904 0.0522
1.663 0.0522
1.6629 0.0517
1.6359 0.0513
1.6094 0.0513
1.5833 0.0513
1.5833 0.0509
1.5575 0.0509
1.5575 0.0504
1.5323 0.0504
1.5575 0.0509
1.5833 0.0509
1.5833 0.0513
1.6094 0.0513
1.636 0.0517
1.6095 0.0517
1.5834 0.0518
1.5577 0.0518
1.5325 0.0518
1.5077 0.0518
1.5078 0.0522
1.5078 0.0527
1.5327 0.0531
1.5328 0.0536
1.5328 0.054
1.5329 0.0545
1.533 0.055
1.533 0.0555
1.5331 0.0559
1.5332 0.0564
1.5084 0.0569
1.5084 0.0574
1.5085 0.0579
1.5086 0.0584
1.5086 0.0589
1.5087 0.0594
1.5088 0.06
1.4844 0.0605
1.4844 0.061
1.4845 0.0615
1.4846 0.0621
1.4846 0.0626
1.4847 0.0632
1.4847 0.0637
1.4848 0.0643
1.4849 0.0648
1.4849 0.0654
1.4849 0.066
1.4849 0.0665
1.4851 0.0671
1.4852 0.0677
1.4852 0.0683
1.4853 0.0689
1.4613 0.0695
1.4614 0.0701
1.4614 0.0707
1.4615 0.0713
1.4615 0.0719
1.4616 0.0725
1.4616 0.0732
1.4617 0.0738
1.4618 0.0745
1.4618 0.0751
1.4619 0.0758
1.4619 0.0764
1.462 0.0771
1.4621 0.0777
1.4621 0.0784
1.4622 0.0791
1.4622 0.0798
1.4386 0.0798
1.4386 0.0805
1.4386 0.0812
1.4386 0.0819
1.4388 0.0826
1.4389 0.0833
1.4389 0.084
1.439 0.0848
1.439 0.0855
1.4391 0.0863
1.4392 0.087
1.4392 0.0878
1.4393 0.0885
1.4393 0.0893
1.4394 0.0901
1.4394 0.0909
1.4395 0.0916
1.4396 0.0924
1.4396 0.0932
1.4397 0.0941
1.4397 0.0949
1.4398 0.0957
1.4399 0.0965
1.4399 0.0974
1.44 0.0982
1.44 0.0991
1.4401 0.0999
1.4402 0.1008
1.4402 0.1017
1.4403 0.1026
1.4403 0.1035
1.4404 0.1044
1.4404 0.1053
1.4405 0.1062
1.4405 0.1071
1.4405 0.108
1.4407 0.109
1.4407 0.1099
1.4408 0.1109
1.4409 0.1118
1.4409 0.1128
1.441 0.1138
1.4647 0.1148
1.4647 0.1158
1.4649 0.1168
1.4649 0.1178
1.465 0.1188
1.4651 0.1198
1.4651 0.1209
1.4652 0.1219
1.4652 0.123
1.4653 0.1241
1.4654 0.1252
1.4654 0.1262
1.4655 0.1273
1.4655 0.1284
1.4656 0.1296
1.4657 0.1307
1.4657 0.1318
1.4658 0.133
1.4658 0.1341
1.4659 0.1353
1.4901 0.1365
1.4902 0.1376
1.4902 0.1388
1.4903 0.1401
1.4903 0.1413
1.4904 0.1425
1.4905 0.1437
1.4905 0.145
1.4906 0.1461
1.4906 0.1475
1.5152 0.1488
1.5152 0.1501
1.5154 0.1514
1.5154 0.1527
1.5154 0.154
1.5156 0.1554
1.5156 0.1567
1.5157 0.1581
1.5157 0.1595
1.5158 0.1609
1.5159 0.1623
1.5409 0.1637
1.541 0.1651
1.541 0.1665
1.5411 0.168
1.5411 0.1694
1.5666 0.1709
1.5666 0.1724
1.5667 0.1739
1.5668 0.1754
1.5668 0.1769
1.5927 0.1784
1.5928 0.18
1.6191 0.1816
1.6458 0.1831
1.6458 0.1847
1.6459 0.1863
1.673 0.1863
1.7006 0.1863
1.7286 0.1863
1.7286 0.1879
1.757 0.1879
1.7572 0.1896
1.7287 0.1896
1.7008 0.1912
1.7008 0.1929
1.7008 0.1912
1.7287 0.1896
1.7286 0.1879
1.7286 0.1863
1.7569 0.1847
1.7569 0.1831
1.7858 0.1831
1.7568 0.1815
1.7567 0.18
1.7567 0.1784
1.7854 0.1769
1.7854 0.1753
1.7854 0.1738
1.7852 0.1723
1.7852 0.1708
1.7851 0.1694
1.7851 0.1679
1.785 0.1665
1.8143 0.165
1.8142 0.1636
1.8142 0.1622
1.8439 0.1608
1.8439 0.1594
1.8437 0.158
1.874 0.1567
1.874 0.1553
1.8739 0.154
1.9047 0.1526
1.9045 0.1513
1.9047 0.1526
1.9048 0.154
1.9362 0.1553
1.9363 0.1567
1.9364 0.158
1.9365 0.1594
1.9684 0.1608
1.9685 0.1622
1.9686 0.1636
1.9687 0.165
2.0012 0.1663
2.0012 0.1679
2.0013 0.1693
2.0014 0.1708
2.0344 0.1723
2.0345 0.1738
2.0346 0.1753
2.0347 0.1768
2.0348 0.1784
2.0349 0.1799
2.0349 0.1815
2.035 0.1831
2.0685 0.183
2.0686 0.1846
2.0687 0.1862
2.0688 0.1879
2.0689 0.1895
2.103 0.1911
2.1031 0.1928
2.1032 0.1945
2.0692 0.1962
2.0693 0.1979
2.1034 0.1996
2.1035 0.2013
2.1036 0.2031
2.1037 0.2048
2.1038 0.2066
2.1039 0.2084
2.104 0.2102
2.1041 0.2121
2.1388 0.2139
2.1389 0.2158
2.139 0.2176
2.139 0.2195
2.1391 0.2214
2.1392 0.2234
2.1393 0.2253
2.1394 0.2273
2.1747 0.2292
2.1748 0.2312
2.1749 0.2332
2.175 0.2353
2.1751 0.2373
2.1752 0.2394
2.1752 0.2414
2.2111 0.2414
2.2111 0.2435
2.2112 0.2457
2.2113 0.2478
2.2114 0.2499
2.2479 0.2521
2.248 0.2543
2.2481 0.2565
2.2482 0.2587
2.2483 0.261
2.2484 0.2633
2.2854 0.2655
2.2856 0.2679
2.2857 0.2702
2.2858 0.2725
2.2859 0.2749
2.3235 0.2772
2.3237 0.2797
2.3237 0.2821
2.362 0.2821
2.4009 0.2821
2.4405 0.2846
2.4407 0.287
2.4408 0.2894
2.4409 0.292
2.4809 0.2894
2.4808 0.287
2.5215 0.2845
2.563 0.2821
2.5629 0.2796
2.6051 0.2796
2.5629 0.2796
2.5215 0.2821
2.563 0.2821
2.5631 0.2845
2.5632 0.287
2.5633 0.2894
2.5217 0.287
2.5215 0.2845
2.4807 0.2845
2.4806 0.2821
2.5213 0.2796
2.5213 0.2772
2.5628 0.2772
2.5627 0.2748
2.6048 0.2725
2.6475 0.2701
2.6474 0.2678
2.6473 0.2655
2.6472 0.2631
2.6907 0.2609
2.6905 0.2587
2.6905 0.2564
2.7347 0.2542
2.7346 0.252
2.7344 0.2498
2.7793 0.2477
2.7792 0.2456
2.7791 0.2434
2.779 0.2413
2.8246 0.2392
2.8245 0.2372
2.8709 0.2351
2.8708 0.2331
2.9179 0.2311
2.9178 0.2291
2.9177 0.2271
2.9657 0.2271
3.0146 0.2271
3.0642 0.2271
3.1147 0.2271
3.1145 0.2251
3.1658 0.2251
3.2181 0.2271
3.1661 0.2291
3.1659 0.2271
3.1148 0.2291
3.1662 0.2311
3.2185 0.2331
3.2716 0.2351
3.3254 0.2351
3.3253 0.233
3.3254 0.2351
3.3256 0.2371
3.3256 0.2392
3.3259 0.2413
3.326 0.2434
3.3261 0.2455
3.3263 0.2476
3.3264 0.2498
3.3265 0.2519
3.3814 0.2541
3.3816 0.2563
3.4374 0.2585
3.4375 0.2608
3.4943 0.263
3.4944 0.2652
3.5521 0.2676
3.5522 0.27
3.6107 0.2699
3.6702 0.2699
3.7308 0.2723
3.7309 0.2746
3.7311 0.277
3.7925 0.277
3.8551 0.2793
3.8552 0.2819
3.9186 0.2818
3.983 0.2793
4.0487 0.2793
4.1153 0.2793
4.1829 0.277
4.2516 0.2746
4.3216 0.2746
4.3926 0.2722
4.4649 0.2722
4.5382 0.2698
4.6129 0.2698
4.6888 0.2698
4.7661 0.2698
4.8445 0.2698
4.9243 0.2698
5.0054 0.2698
5.0878 0.2698
5.1716 0.2698
5.2567 0.2698
5.3433 0.2698
5.4312 0.2697
5.5209 0.2721
5.6118 0.2721
5.7042 0.2721
5.7981 0.2721
5.8935 0.272
5.9906 0.272
6.0892 0.272
6.1895 0.272
6.2911 0.2697
6.3947 0.2697
6.5 0.2697
6.607 0.2696
6.7158 0.2696
6.8263 0.2696
6.9386 0.2696
7.053 0.2696
7.1691 0.2696
7.2871 0.2696
7.4071 0.2696
7.5291 0.2696
7.653 0.2696
7.779 0.2696
7.9071 0.2696
8.0373 0.2695
8.1696 0.2695
8.3041 0.2695
8.4408 0.2695
8.5798 0.2695
8.721 0.2695
8.8647 0.2695
9.0106 0.2695
9.159 0.2695
9.3098 0.2695
9.463 0.2695
9.6188 0.2695
9.7772 0.2694
9.9382 0.2694
10.1018 0.2694
10.2681 0.2694
10.4372 0.2694
10.6095 0.2717
10.7841 0.2717
10.9617 0.2717
11.1421 0.2717
11.3256 0.2717
11.5121 0.2717
11.7016 0.2717
11.8942 0.2717
12.0901 0.2717
12.2892 0.2717
12.4915 0.2717
12.6972 0.2717
12.9057 0.2692
13.1182 0.2692
13.3342 0.2692
13.5537 0.2692
13.7768 0.2692
14.0037 0.2692
14.2342 0.2692
14.4686 0.2692
14.7067 0.2692
14.9496 0.2716
15.1957 0.2716
15.4459 0.2716
15.7002 0.2715
15.9586 0.2715
16.2214 0.2715
16.4885 0.2715
16.76 0.2715
17.0352 0.2692
17.3157 0.2692
17.6008 0.2691
17.8906 0.2691
18.1851 0.2691
18.4845 0.2691
18.7889 0.2691
19.0982 0.2691
19.4126 0.2691
19.7323 0.2691
20.0571 0.2691
20.3874 0.2691
20.7229 0.2691
21.0642 0.2691
21.411 0.269
21.7635 0.269
22.1219 0.269
22.4861 0.269
22.8563 0.269
23.2326 0.269
23.6151 0.269
24.0039 0.269
24.3991 0.269
24.8009 0.269