1.6397 0.084
1.6398 0.0848
1.6399 0.0855
1.6399 0.0862
1.64 0.087
1.6401 0.0877
1.6401 0.0885
1.6402 0.0893
1.6402 0.09
1.6137 0.0901
1.6138 0.0908
1.6138 0.0916
1.6139 0.0924
1.5878 0.0932
1.5878 0.094
1.588 0.0949
1.5623 0.0957
1.5624 0.0965
1.5624 0.0974
1.5625 0.0982
1.5626 0.0991
1.5626 0.0999
1.5627 0.1008
1.5627 0.1017
1.5628 0.1025
1.5886 0.1034
1.5887 0.1043
1.5887 0.1052
1.5888 0.1062
1.5889 0.1071
1.5889 0.108
1.589 0.1089
1.5891 0.1099
1.5891 0.1108
1.5892 0.1118
1.5893 0.1128
1.5893 0.1138
1.5894 0.1148
1.5636 0.1158
1.5638 0.1168
1.5638 0.1178
1.5638 0.1188
1.564 0.1198
1.564 0.1209
1.5641 0.1219
1.5641 0.123
1.5642 0.1241
1.5643 0.1251
1.5643 0.1262
1.5644 0.1273
1.5645 0.1284
1.5645 0.1295
1.5646 0.1307
1.5647 0.1318
1.5647 0.133
1.5906 0.1341
1.5906 0.1353
1.5907 0.1364
1.5907 0.1376
1.617 0.1388
1.6437 0.14
1.6707 0.1412
1.6984 0.1425
1.6985 0.1437
1.7265 0.1449
1.7266 0.1461
1.7267 0.1475
1.6987 0.1488
1.6987 0.1501
1.6714 0.1514
1.6713 0.1501
1.6987 0.1488
1.6987 0.1475
1.6985 0.1461
1.6985 0.145
1.7264 0.1437
1.7264 0.1425
1.7263 0.1412
1.7546 0.14
1.7546 0.1388
1.7545 0.1376
1.7544 0.1364
1.7544 0.1352
1.7543 0.1341
1.7542 0.1329
1.7541 0.1318
1.7541 0.1306
1.754 0.1295
1.7539 0.1284
1.7539 0.1273
1.7538 0.1262
1.7827 0.1262
1.7826 0.1251
1.7825 0.124
1.7536 0.123
1.7534 0.1219
1.7534 0.1209
1.7534 0.1198
1.7532 0.1188
1.7532 0.1178
1.753 0.1167
1.7247 0.1157
1.7246 0.1147
1.7245 0.1137
1.7245 0.1128
1.7244 0.1118
1.7243 0.1108
1.7242 0.1099
1.7242 0.1089
1.7241 0.108
1.724 0.1071
1.724 0.1061
1.7239 0.1052
1.7238 0.1043
1.7238 0.1034
1.7237 0.1025
1.7236 0.1016
1.7235 0.1008
1.6956 0.0999
1.6955 0.099
1.6954 0.0982
1.6953 0.0973
1.6953 0.0965
1.6952 0.0957
1.6951 0.0948
1.6951 0.094
1.6949 0.0932
1.6949 0.0924
1.6949 0.0916
1.7227 0.0908
1.751 0.09
