0.775551	 9.884959
0.7697747	 9.884959
0.7640414	 9.884959
0.7583508	 9.884959
0.7527025	 9.884959
0.7470964	 9.7712415
0.7415319	 9.7712415
0.736009	 9.7712415
0.7305272	 9.7712415
0.7250862	 9.7712415
0.7196856	 9.7712415
0.7143253	 9.6588322
0.7090051	 9.6588322
0.7037244	 9.6588322
0.698483	 9.6588322
0.6932806	 9.5477161
0.6881171	 9.5477161
0.6829919	 9.5477161
0.677905	 9.5477161
0.6728559	 9.5477161
0.6678445	 9.5477161
0.6628703	 9.4378783
0.6579332	 9.4378783
0.6530329	 9.4378783
0.6481691	 9.4378783
0.6433415	 9.4378783
0.6385497	 9.4378783
0.6337939	 9.4378783
0.6290734	 9.4378783
0.624388	 9.5477161
0.6197375	 9.5477161
0.6151217	 9.5477161
0.6105402	 9.5477161
0.6059929	 9.5477161
0.6014794	 9.5477161
0.5969996	 9.5477161
0.5925531	 9.5477161
0.5881397	 9.4378783
0.5837592	 9.4378783
0.5794114	 9.4378783
0.5750959	 9.4378783
0.5708125	 9.4378783
0.5665611	 9.329304
0.5623413	 9.329304
0.558153	 9.2219788
0.5539958	 9.1158883
0.5498696	 9.1158883
0.5457741	 9.0110183
0.5417092	 9.0110183
0.5376746	 9.0110183
0.5336699	 9.0110183
0.5296951	 9.0110183
0.5257499	 9.1158883
0.5218341	 9.1158883
0.5179475	 9.1158883
0.5140898	 9.1158883
0.5102608	 9.1158883
0.5064604	 9.1158883
0.5026882	 9.1158883
0.4989442	 9.1158883
0.495228	 9.0110183
0.4915395	 9.0110183
0.4878784	 9.0110183
0.4842448	 9.0110183
0.4806381	 9.0110183
0.4770583	 9.0110183
0.4735051	 8.9073546
0.4699784	 8.9073546
0.466478	 8.9073546
0.4630037	 8.9073546
0.4595552	 8.8048836
0.4561324	 8.8048836
0.4527351	 8.8048836
0.4493631	 8.8048836
0.4460161	 8.8048836
0.4426942	 8.8048836
0.439397	 8.7035914
0.4361244	 8.7035914
0.4328761	 8.7035914
0.429652	 8.7035914
0.426452	 8.7035914
0.4232757	 8.7035914
0.4201232	 8.6034644
0.4169941	 8.6034644
0.4138883	 8.6034644
0.4108056	 8.6034644
0.4077459	 8.5044893
0.404709	 8.5044893
0.4016947	 8.5044893
0.3987029	 8.5044893
0.3957333	 8.4066529
0.3927859	 8.4066529
0.3898603	 8.4066529
0.3869567	 8.4066529
0.3840746	 8.3099419
0.381214	 8.3099419
0.3783747	 8.3099419
0.3755565	 8.3099419
0.3727594	 8.3099419
0.369983	 8.3099419
0.3672274	 8.2143436
0.3644923	 8.2143436
0.3617775	 8.2143436
0.359083	 8.2143436
0.3564085	 8.2143436
0.353754	 8.2143436
0.3511192	 8.119845
0.348504	 8.119845
0.3459083	 8.119845
0.343332	 8.119845
0.3407748	 8.0264335
0.3382367	 8.0264335
0.3357175	 8.0264335
0.3332171	 8.0264335
0.3307353	 8.0264335
0.3282719	 8.0264335
0.3258269	 7.9340967
0.3234002	 7.9340967
0.3209914	 7.9340967
0.3186007	 7.9340967
0.3162278	 7.9340967
0.3138725	 7.9340967
0.3115347	 7.8428221
0.3092144	 7.8428221
0.3069114	 7.8428221
0.3046255	 7.8428221
0.3023566	 7.7525975
0.3001047	 7.7525975
0.2978695	 7.7525975
0.2956509	 7.6634109
0.2934489	 7.6634109
0.2912633	 7.6634109
0.2890939	 7.6634109
0.2869407	 7.5752503
0.2848036	 7.5752503
0.2826824	 7.5752503
0.2805769	 7.4881039
0.2784872	 7.4881039
0.276413	 7.4881039
0.2743541	 7.4881039
0.2723108	 7.4019599
0.2702827	 7.4019599
0.2682696	 7.4019599
0.2662715	 7.4019599
0.2642883	 7.3168071
0.2623199	 7.3168071
0.2603661	 7.3168071
0.2584269	 7.3168071
0.2565021	 7.2326339
0.2545917	 7.2326339
0.2526954	 7.2326339
0.2508134	 7.2326339
0.2489453	 7.149429
0.2470911	 7.149429
0.2452508	 7.149429
0.2434241	 7.149429
0.2416111	 7.149429
0.2398116	 7.0671813
0.2380254	 7.0671813
0.2362526	 7.0671813
0.234493	 7.0671813
0.2327465	 6.9858797
0.231013	 6.9858797
0.2292924	 6.9858797
0.2275846	 6.9858797
0.2258895	 6.9055135
0.2242071	 6.9055135
0.2225372	 6.9055135
0.2208797	 6.9055135
0.2192346	 6.8260718
0.2176017	 6.8260718
0.215981	 6.8260718
0.2143724	 6.8260718
0.2127757	 6.7475441
0.211191	 6.7475441
0.209618	 6.7475441
0.2080568	 6.7475441
0.2065071	 6.6699197
0.2049691	 6.6699197
0.2034424	 6.6699197
0.2019272	 6.6699197
0.2004232	 6.5931883
0.1989305	 6.5931883
0.1974488	 6.5931883
0.1959781	 6.5931883
0.1945186	 6.5173396
0.1930698	 6.5173396
0.1916318	 6.4423635
0.1902045	 6.4423635
0.1887878	 6.294989
0.1873817	 6.294989
0.1859861	 6.2225708
0.1846009	 6.1509858
0.1832259	 6.1509858
0.1818613	 6.1509858
0.1805068	 6.1509858
0.1791624	 6.1509858
0.1778279	 6.1509858
0.1765035	 6.1509858
0.1751889	 6.1509858
0.173884	 6.1509858
0.1725889	 6.1509858
0.1713035	 6.1509858
0.1700276	 6.0802243
0.1687612	 6.0802243
0.1675043	 6.0802243
0.1662567	 6.0802243
0.1650184	 6.0102768
0.1637894	 6.0102768
0.1625695	 5.941134
0.1613586	 5.941134
0.1601568	 5.8052255
0.158964	 5.8052255
0.15778	 5.7384416
0.1566048	 5.6724261
0.1554384	 5.6724261
0.1542807	 5.6724261
0.1531316	 5.6724261
0.1519911	 5.6724261
0.1508591	 5.6724261
0.1497355	 5.6724261
0.1486202	 5.6724261
0.1475133	 5.6724261
0.1464146	 5.6724261
0.1453241	 5.6724261
0.1442417	 5.6071699
0.1431674	 5.6071699
0.1421011	 5.6071699
0.1410427	 5.6071699
0.1399922	 5.5426644
0.1389495	 5.5426644
0.1379146	 5.4789012
0.1368875	 5.4789012
0.1358679	 5.3535667
0.134856	 5.3535667
0.1338515	 5.2919787
0.1328546	 5.2310993
0.1318651	 5.2310993
0.130883	 5.2310993
0.1299081	 5.2310993
0.1289406	 5.2310993
0.1279802	 5.2310993
0.127027	 5.2310993
0.1260809	 5.2310993
0.1251419	 5.2310993
0.1242098	 5.2310993
0.1232847	 5.1709202
0.1223664	 5.1709202
0.1214551	 5.1114335
0.1205504	 5.1114335
0.1187614	 5.0526311
0.1178769	 4.9945051
0.1169989	 4.9945051
0.1161275	 4.8802516
0.1152626	 4.8802516
0.1144041	 4.8241087
0.1127063	 4.7686117
0.1118668	 4.7686117
0.1110336	 4.7686117
0.1102066	 4.7686117
0.1093858	 4.7686117
0.1077625	 4.7686117
0.1069598	 4.7686117
0.1061632	 4.7137531
0.1053725	 4.6595257
0.1038087	 4.5005576
0.1030355	 4.4487828
0.1022681	 4.4487828
0.1015063	 4.4487828
0.1	 4.4487828
0.0992552	 4.4487828
0.0985159	 4.4487828
0.0970539	 4.4487828
0.096331	 4.3976036
0.0949014	 4.2970047
0.0941946	 4.1987071
0.093493	 4.1504048
0.0921055	 4.1026581
0.0914195	 4.1026581
0.0900628	 4.0554607
0.089392	 4.0554607
0.0880654	 4.0088063
0.0874095	 4.0088063
0.0861122	 4.0088063
0.0854709	 3.9626886
0.0842024	 3.9626886
0.0829528	 3.9626886
0.082335	 3.9626886
0.0811131	 3.9171015
0.0805088	 3.8720388
0.0793141	 3.8274945
0.0781371	 3.7834626
0.0769775	 3.7399373
0.0764041	 3.6969127
0.0752703	 3.6543831
0.0741532	 3.6123427
0.0730527	 3.570786
0.0725086	 3.5297073
0.0714325	 3.4891012
0.0703724	 3.4489623
0.0693281	 3.4092851
0.0682992	 3.3312948
0.0672856	 3.2929713
0.066287	 3.2550886
0.0653033	 3.2176418
0.0643341	 3.1806257
0.0633794	 3.1078662
0.0624388	 3.072113
0.0615122	 3.0018358
0.0601479	 2.8660676
0.0592553	 2.7682866
0.0583759	 2.7049596
0.0575096	 2.6738416
0.0562341	 2.5826188
0.0553996	 2.5529081
0.0541709	 2.4945081
0.053367	 2.4945081
0.0521834	 2.4094036
0.051409	 2.3542864
0.0502688	 2.2478058
0.0495228	 2.1711179
0.0484245	 2.0490747
0.0473505	 1.9563983
0.0463004	 1.8251835
0.0452735	 1.722586
0.0442694	 1.6257557
0.0432876	 1.5343684
0.0436124	 1.5167169
0.0446016	 1.4649714
0.0456132	 1.4314589
0.0466478	 1.3987131
0.0477058	 1.3667164
0.0487879	 1.3509935
0.0498944	 1.3200884
0.0495228	 1.2033778
0.0498944	 1.1226677
0.050646	 1.0718913
0.0517947	 1.0473709
0.052575	 1.0353218
0.0537675	 1.0234114
0.0545773	 1.011638
0.0558153	 1.0
0.0566561	 1.0
0.0579411	 0.9884959
0.058814	 0.9884959
0.0597	 0.9771242
0.0605993	 0.9658832
0.0619738	 0.9547716
0.0629073	 0.9547716
0.063855	 0.9437878
0.0648169	 0.9437878
0.0657933	 0.9329304
0.0667844	 0.9329304
0.0677905	 0.9221979
0.0688117	 0.9221979
0.0698483	 0.9115888
0.0709005	 0.9115888
0.0719686	 0.9011018
0.0730527	 0.9011018
0.0736009	 0.8907355
0.0747096	 0.8804884
0.0758351	 0.8603464
0.0769775	 0.8504489
0.0775551	 0.8406653
0.0769775	 0.8119844
0.0764041	 0.7752596
0.0752703	 0.7488104
0.0741532	 0.7232634
0.0730527	 0.6747543
0.0736009	 0.651734
0.0747096	 0.6442364
0.0758351	 0.6294989
0.0769775	 0.6222571
0.0775551	 0.6222571
0.0787233	 0.6150986
0.0799093	 0.6010277
0.0811131	 0.5941134
0.0817218	 0.5941134
0.0829528	 0.5872787
0.0835753	 0.5872787
0.0848343	 0.5872787
0.0861122	 0.5805226
0.0867584	 0.5805226
0.0880654	 0.5805226
0.0887262	 0.5805226
0.0900628	 0.5872787
0.0907386	 0.5872787
0.0921055	 0.5872787
0.0927967	 0.5872787
0.0941946	 0.5805226
0.0949014	 0.5805226
0.0956136	 0.5805226
0.0970539	 0.5738442
0.0977822	 0.5738442
0.0992552	 0.5672426
0.1	 0.5672426
0.1007504	 0.5672426
0.1022681	 0.560717
0.1030355	 0.560717
0.1038087	 0.560717
0.1045877	 0.560717
0.1061632	 0.5542665
0.1069598	 0.5542665
0.1077625	 0.5542665
0.1085711	 0.5478901
0.1102066	 0.5478901
0.1110336	 0.5415871
0.1118668	 0.5415871
0.1127063	 0.5353567
0.113552	 0.5291979
0.1152626	 0.5231099
0.1161275	 0.5231099
0.1169989	 0.5231099
0.1178769	 0.5231099
0.1187614	 0.5231099
0.1196526	 0.5291979
0.1214551	 0.5291979
0.1223664	 0.5291979
0.1232847	 0.5291979
0.1242098	 0.5291979
0.1251419	 0.5231099
0.1260809	 0.5231099
0.127027	 0.5231099
0.1279802	 0.5231099
0.1289406	 0.5170919
0.1299081	 0.5170919
0.130883	 0.5170919
0.1318651	 0.5170919
0.1328546	 0.5170919
0.1338515	 0.5170919
0.134856	 0.5111433
0.1358679	 0.5111433
0.1368875	 0.5111433
0.1379146	 0.5111433
0.1389495	 0.5111433
0.1399922	 0.5111433
0.1410427	 0.5052631
0.1421011	 0.5052631
0.1431674	 0.5052631
0.1442417	 0.5052631
0.1453241	 0.4994505
0.1464146	 0.4994505
0.1475133	 0.4994505
0.1486202	 0.4994505
0.1497355	 0.4994505
0.1508591	 0.4994505
0.1519911	 0.4937048
0.1531316	 0.4937048
0.1542807	 0.4937048
0.1554384	 0.4937048
0.1566048	 0.4937048
0.15778	 0.4937048
0.158964	 0.4880252
0.1601568	 0.4880252
0.1613586	 0.4880252
0.1625695	 0.4880252
0.1637894	 0.4824109
0.1650184	 0.4824109
0.1662567	 0.4824109
0.1675043	 0.4824109
0.1687612	 0.4768612
0.1700276	 0.4768612
0.1713035	 0.4768612
0.1725889	 0.4768612
0.173884	 0.4713753
0.1751889	 0.4713753
0.1765035	 0.4713753
0.1778279	 0.4713753
0.1791624	 0.4659526
0.1805068	 0.4659526
0.1818613	 0.4659526
0.1832259	 0.4659526
0.1846009	 0.4605922
0.1859861	 0.4605922
0.1873817	 0.4605922
0.1887878	 0.4605922
0.1902045	 0.4552935
0.1916318	 0.4552935
0.1930698	 0.4552935
0.1945186	 0.4552935
0.1959781	 0.4500558
0.1974488	 0.4500558
0.1989305	 0.4500558
0.2004232	 0.4448783
0.2019272	 0.4448783
0.2034424	 0.4397604
0.2049691	 0.4347013
0.2065071	 0.4347013
0.2080568	 0.4297005
0.209618	 0.4055461
0.2080568	 0.3872039
0.2065071	 0.3872039
0.2049691	 0.3783463
0.2034424	 0.3783463
0.2019272	 0.3739937
0.2004232	 0.3696913
0.1989305	 0.3696913
0.1974488	 0.3696913
0.1959781	 0.3654383
0.1945186	 0.3654383
0.1930698	 0.3654383
0.1916318	 0.3654383
0.1902045	 0.3612343
0.1887878	 0.3612343
0.1873817	 0.3570786
0.1859861	 0.3570786
0.1846009	 0.3489101
0.1832259	 0.3489101
0.1818613	 0.3448962
0.1805068	 0.3409285
0.1791624	 0.3370064
0.1778279	 0.3331295
0.1765035	 0.3292971
0.1751889	 0.3217642
0.173884	 0.3180626
0.1725889	 0.3001836
0.173884	 0.2833096
0.1751889	 0.2768287
0.1765035	 0.270496
0.1778279	 0.2643081
0.1791624	 0.2612675
0.1805068	 0.2582619
0.1818613	 0.2523539
0.1832259	 0.2494508
0.1846009	 0.2465811
0.1859861	 0.2437444
0.1873817	 0.2409404
0.1887878	 0.2381686
0.1902045	 0.2354286
0.1916318	 0.2327202
0.1930698	 0.2327202
0.1945186	 0.2327202
0.1959781	 0.230043
0.1974488	 0.230043
0.1989305	 0.230043
0.2004232	 0.230043
0.2019272	 0.2273966
0.2034424	 0.2273966
0.2049691	 0.2273966
0.2065071	 0.2247805
0.2080568	 0.2247805
0.209618	 0.2221947
0.211191	 0.2196385
0.2127757	 0.2196385
0.2143724	 0.2171118
0.215981	 0.2171118
0.2176017	 0.2146141
0.2192346	 0.2146141
0.2208797	 0.2121452
0.2225372	 0.2097046
0.2242071	 0.2097046
0.2258895	 0.2072922
0.2275846	 0.2072922
0.2292924	 0.2049075
0.231013	 0.2049075
0.2327465	 0.2025502
0.234493	 0.20022
0.2362526	 0.20022
0.2380254	 0.1979167
0.2398116	 0.1979167
0.2416111	 0.1956398
0.2434241	 0.1956398
0.2452508	 0.1933892
0.2470911	 0.1911644
0.2489453	 0.1911644
0.2508134	 0.1889652
0.2526954	 0.1867914
0.2545917	 0.1846425
0.2565021	 0.1825183
0.2584269	 0.1783431
0.2603661	 0.1762914
0.2623199	 0.1762914
0.2642883	 0.1762914
0.2662715	 0.1762914
0.2682696	 0.1762914
0.2702827	 0.1762914
0.2723108	 0.1762914
0.2743541	 0.1762914
0.276413	 0.1762914
0.2784872	 0.1742633
0.2805769	 0.1722586
0.2826824	 0.1702769
0.2848036	 0.1663817
0.2869407	 0.1644676
0.2890939	 0.1644676
0.2912633	 0.1644676
0.2934489	 0.1644676
0.2956509	 0.1644676
0.2978695	 0.1644676
0.3001047	 0.1644676
0.3023566	 0.1644676
0.3046255	 0.1644676
0.3069114	 0.1625756
0.3092144	 0.1625756
0.3115347	 0.1588565
0.3138725	 0.1588565
0.3162278	 0.157029
0.3186007	 0.1552225
0.3209914	 0.1552225
0.3234002	 0.1534368
0.3258269	 0.1534368
0.3282719	 0.1516717
0.3307353	 0.1499268
0.3332171	 0.1499268
0.3357175	 0.1482021
0.3382367	 0.1482021
0.3407748	 0.1482021
0.343332	 0.1482021
0.3459083	 0.1482021
0.348504	 0.1482021
0.3511192	 0.1482021
0.353754	 0.1482021
0.3564085	 0.1482021
0.359083	 0.1464971
0.3617775	 0.1464971
0.3644923	 0.1431459
0.3672274	 0.1431459
0.369983	 0.141499
0.3727594	 0.1398713
0.3755565	 0.1398713
0.3783747	 0.1398713
0.381214	 0.1398713
0.3840746	 0.1398713
0.3869567	 0.1398713
0.3898603	 0.1398713
0.3927859	 0.1398713
0.3957333	 0.1398713
0.3987029	 0.1382622
0.4016947	 0.1366716
0.404709	 0.1350994
0.4077459	 0.1320088
0.4108056	 0.1304902
0.4138883	 0.1304902
0.4169941	 0.1304902
0.4201232	 0.1304902
0.4232757	 0.1304902
0.426452	 0.1304902
0.429652	 0.1304902
0.4328761	 0.1304902
0.4361244	 0.1304902
0.439397	 0.1304902
0.4426942	 0.1304902
0.4460161	 0.128989
0.4493631	 0.128989
0.4527351	 0.128989
0.4561324	 0.128989
0.4595552	 0.1275051
0.4630037	 0.1275051
0.466478	 0.1275051
0.4699784	 0.1260383
0.4735051	 0.1260383
0.4770583	 0.1245883
0.4806381	 0.1245883
0.4842448	 0.1245883
0.4878784	 0.1231551
0.4915395	 0.1217383
0.495228	 0.1217383
0.4989442	 0.1189534
0.5026882	 0.1189534
0.5064604	 0.117585
0.5102608	 0.1162322
0.5140898	 0.1162322
0.5179475	 0.1162322
0.5218341	 0.1162322
0.5257499	 0.1162322
0.5296951	 0.1162322
0.5336699	 0.1162322
0.5376746	 0.1162322
0.5417092	 0.1162322
0.5457741	 0.1162322
0.5498696	 0.1148951
0.5539958	 0.1148951
0.558153	 0.1135733
0.5623413	 0.1135733
0.5665611	 0.1135733
0.5708125	 0.1122668
0.5750959	 0.1109752
0.5794114	 0.1109752
0.5837592	 0.1084366
0.5881397	 0.1084366
0.5925531	 0.1071891
0.5969996	 0.105956
0.6014794	 0.105956
0.6059929	 0.105956
0.6105402	 0.105956
0.6151217	 0.105956
0.6197375	 0.105956
0.624388	 0.105956
0.6290734	 0.105956
0.6337939	 0.105956
0.6385497	 0.1047371
0.6433415	 0.1047371
0.6481691	 0.1023411
0.6530329	 0.1023411
0.6579332	 0.1011638
0.6628703	 0.1
0.6678445	 0.1
0.6728559	 0.1
0.677905	 0.1
0.6829919	 0.1
0.6881171	 0.1
0.6932806	 0.1
0.698483	 0.1
0.7037244	 0.1
0.7090051	 0.0988496
0.7143253	 0.0988496
0.7196856	 0.0965883
0.7250862	 0.0965883
0.7305272	 0.0954772
0.736009	 0.0943788
0.7415319	 0.0943788
0.7470964	 0.0943788
0.7527025	 0.0943788
0.7583508	 0.0943788
0.7640414	 0.0943788
0.7697747	 0.0943788
0.775551	 0.0943788
0.7813707	 0.0943788
0.7872341	 0.093293
0.7931415	 0.093293
0.7990931	 0.0911589
0.8050895	 0.0911589
0.8111308	 0.0901102
0.8172175	 0.0890735
0.8233499	 0.0890735
0.8295282	 0.0890735
0.835753	 0.0890735
0.8420244	 0.0890735
0.8483429	 0.0890735
0.8547088	 0.0890735
0.8611225	 0.0890735
0.8675842	 0.0890735
0.8740946	 0.0880488
0.8806538	 0.0880488
0.8872621	 0.0860346
0.89392	 0.0860346
0.900628	 0.0850449
0.9073863	 0.0840665
0.9141953	 0.0840665
0.9210553	 0.0840665
0.9279669	 0.0840665
0.9349303	 0.0840665
0.9419459	 0.0840665
0.9490142	 0.0840665
0.9561356	 0.0840665
0.9633104	 0.0840665
0.9633104	 0.0840665
