0.0909149 100.603 
0.0907224 89.4584 
0.0910958 81.1196 
0.0909030 72.4161 
0.0908995 65.6662 
0.0905174 55.4954 
0.0908886 48.5807 
0.0912591 39.9462 
0.0906873 33.7591 
0.0906776 25.7698 
0.0918090 23.4590 
0.0901065 20.0601 
0.0904753 17.2203 
0.0908351 11.0223 
0.0913947 9.09872 
0.0900723 7.71971 
0.0913841 6.78425 
0.0902489 5.80123 
0.0904293 4.78887 
0.0882029 4.17598 
0.0862124 3.92262 
0.0869280 3.68448 
0.0907940 3.52901 
0.112165 3.10050 
0.113332 2.99314 
0.111467 2.91233 
0.101538 2.77908 
0.0742462 2.48200 
0.0725718 2.42447 
0.0725708 2.34056 
0.0781920 2.24170 
0.103439 2.11305 
0.131010 2.07953 
0.165246 2.07884 
0.210603 2.16955 
0.248080 2.30019 
0.259660 2.41064 
0.242499 2.57674 
0.215927 2.72231 
0.189104 2.85375 
0.179557 2.97951 
0.194278 3.19662 
0.208465 3.25947 
0.224155 3.40251 
0.238048 3.57980 
0.248130 3.79602 
0.247110 4.05720 
0.241545 4.30265 
0.238074 4.70802 
0.241064 5.29447 
0.242579 5.90760 
0.238106 6.59196 
0.241094 7.21274 
0.240109 8.23936 
0.239127 9.30223 
0.242132 10.5432 
0.239155 12.4757 
0.241661 14.4195 
0.239682 17.1966 
0.241196 20.9134 
0.239719 25.2356 
0.241224 28.1580 
0.240237 31.2966 
0.239849 98.9044 
0.239849 98.9044 
0.239849 98.9044 
0.239849 98.9044 
0.239849 98.9044 
